  -3.1873294e-01
  -3.0606078e-01
  -3.4012438e-01
  -4.3599848e-01
  -3.9848310e-01
  -3.6851892e-01
  -2.9454934e-01
  -3.4228196e-01
  -3.4510033e-01
  -3.2175369e-01
  -2.9475162e-01
  -3.3863139e-01
  -3.6158850e-01
  -3.4094649e-01
  -3.1888922e-01
  -3.1524835e-01
  -3.4431661e-01
  -3.5449353e-01
  -3.4720247e-01
  -3.0754875e-01
  -2.9329280e-01
  -3.9681467e-01
  -3.5362329e-01
  -3.3192009e-01
  -3.0057907e-01
  -4.0227465e-01
  -3.1798221e-01
  -4.0150521e-01
  -4.2333026e-01
  -4.7750490e-01
  -3.7738171e-01
  -3.9898169e-01
  -3.9904580e-01
  -3.5551841e-01
  -3.1086759e-01
  -3.6923553e-01
  -3.6788343e-01
  -4.1061779e-01
  -4.0549391e-01
  -3.8268128e-01
  -3.4020198e-01
  -3.8347421e-01
  -3.9559372e-01
  -3.4234478e-01
  -3.0784222e-01
  -3.9289037e-01
  -4.3467890e-01
  -3.8692504e-01
  -3.6070323e-01
  -4.2848415e-01
  -4.2988045e-01
  -4.1004799e-01
  -4.4012513e-01
  -4.7529775e-01
  -4.3739126e-01
  -3.5700240e-01
  -3.3306533e-01
  -3.6594723e-01
  -3.6615433e-01
  -4.0705663e-01
  -3.8046263e-01
  -4.3111529e-01
  -3.7773639e-01
  -3.6234329e-01
  -3.4422364e-01
  -3.4318874e-01
  -3.3313494e-01
  -3.5978664e-01
  -4.2585275e-01
  -4.5604925e-01
  -4.0927375e-01
  -4.5704743e-01
   3.8786656e-02
   7.2396436e-02
   2.8658461e-02
  -2.4827973e-02
   9.1375273e-03
   6.2653828e-02
   8.6792192e-02
   7.6291197e-02
   4.8235919e-02
   7.2084843e-02
   6.8694921e-02
   3.2266859e-02
   2.5712169e-02
   3.2601902e-02
   4.6585065e-02
   6.3917055e-02
   4.6985911e-02
   4.9767215e-02
   6.0197941e-02
   1.0334152e-01
   7.1308853e-02
   4.4191427e-02
   6.1903369e-02
   2.0786481e-02
   2.7658961e-02
   2.0001260e-02
   6.8889374e-02
   6.3780509e-02
   3.7955932e-02
   3.1914374e-02
   1.0411273e-01
   1.3686331e-01
   1.4669471e-01
   1.4886619e-01
   1.3962601e-01
   1.1380334e-01
   1.0508768e-01
   6.5925014e-02
   5.9861522e-02
   8.6565802e-02
   9.2897692e-02
   1.2046219e-01
   9.5689988e-02
   1.5404955e-01
   1.6544447e-01
   1.1421731e-01
   1.0313031e-01
   8.2825566e-02
   6.0312115e-02
   3.1759998e-02
   7.7230152e-02
   1.1481180e-01
   1.2456094e-01
   1.1612495e-01
   1.5137009e-01
   2.1530177e-01
   2.3140381e-01
   2.0520563e-01
   1.7312518e-01
   1.5322602e-01
   1.4974913e-01
   1.2201839e-01
   1.1351850e-01
   1.4870977e-01
   1.4016648e-01
   2.1044172e-01
   2.3940952e-01
   2.0703173e-01
   1.7420858e-01
   1.2883937e-01
   1.1268931e-01
   7.4272378e-02
   4.0297448e-01
   4.7438831e-01
   3.4865190e-01
   2.9525933e-01
   3.4965960e-01
   3.8571691e-01
   4.6218807e-01
   4.4997372e-01
   4.1191957e-01
   4.6419792e-01
   4.8054278e-01
   4.4369931e-01
   3.7182786e-01
   3.9806280e-01
   4.7683041e-01
   4.7012115e-01
   4.4221266e-01
   4.4232121e-01
   4.5719788e-01
   5.1030148e-01
   4.6225408e-01
   3.9554613e-01
   4.3749603e-01
   3.9596509e-01
   3.6906255e-01
   3.1673507e-01
   5.1921141e-01
   4.6451049e-01
   4.4667671e-01
   4.3078365e-01
   4.9805004e-01
   5.4381776e-01
   5.6247918e-01
   6.2944803e-01
   5.6761744e-01
   5.9213252e-01
   5.7954108e-01
   5.2839355e-01
   5.5599281e-01
   6.1263050e-01
   5.5252797e-01
   5.8209847e-01
   5.6457178e-01
   5.9585215e-01
   6.3613711e-01
   5.5653091e-01
   4.8946362e-01
   5.0303999e-01
   5.0120497e-01
   4.1458688e-01
   5.2199965e-01
   5.7059608e-01
   5.4273072e-01
   5.4740664e-01
   6.1953593e-01
   7.0759541e-01
   7.4419366e-01
   7.2732893e-01
   6.8454906e-01
   6.5509488e-01
   7.8519708e-01
   7.0617663e-01
   6.5031902e-01
   6.6944501e-01
   6.6427042e-01
   6.9065249e-01
   7.5444529e-01
   6.7365582e-01
   6.1797565e-01
   5.9267953e-01
   5.8516944e-01
   5.3052019e-01
   4.6546115e-02
   7.5183347e-02
   9.9850956e-03
  -3.7326836e-02
  -2.7984771e-03
   3.8070108e-02
   8.5766446e-02
   6.8358558e-02
   2.0464107e-02
   6.1824558e-02
   6.8302962e-02
   3.4093098e-02
   1.5344205e-02
   4.1155477e-02
   7.7671075e-02
   7.8695237e-02
   4.2313160e-02
   4.5276287e-02
   5.5835252e-02
   9.7523358e-02
   7.9220667e-02
   2.7425644e-02
   4.3793934e-02
   3.1105356e-02
   2.3975021e-02
  -7.6327327e-03
   6.6916430e-02
   4.0441230e-02
   1.9081453e-02
  -2.7703098e-03
   8.3547018e-02
   1.0289456e-01
   1.2049727e-01
   1.2472759e-01
   1.1391737e-01
   1.1787736e-01
   9.8480216e-02
   7.3276890e-02
   8.7854992e-02
   1.1198700e-01
   1.1832457e-01
   1.1583922e-01
   8.4660818e-02
   1.4375222e-01
   1.6482715e-01
   9.9723656e-02
   6.3933396e-02
   6.5349294e-02
   4.1714686e-02
   2.1390562e-03
   6.1298990e-02
   8.8932773e-02
   9.0428008e-02
   6.2117163e-02
   1.1555397e-01
   1.8498114e-01
   2.2128192e-01
   1.9978866e-01
   1.5342248e-01
   1.6161904e-01
   1.9149478e-01
   1.4848796e-01
   1.4000043e-01
   1.6718245e-01
   1.5392506e-01
   1.7720098e-01
   2.3276505e-01
   1.8415251e-01
   1.4554560e-01
   1.0448836e-01
   7.8171981e-02
   4.9279458e-02
