   0.0000000e+00
   0.0000000e+00
   0.0000000e+00
   0.0000000e+00
   0.0000000e+00
   0.0000000e+00
   0.0000000e+00
   0.0000000e+00
   0.0000000e+00
   0.0000000e+00
   0.0000000e+00
   0.0000000e+00
   0.0000000e+00
   0.0000000e+00
   0.0000000e+00
   0.0000000e+00
   0.0000000e+00
   0.0000000e+00
   0.0000000e+00
   0.0000000e+00
   0.0000000e+00
   0.0000000e+00
   0.0000000e+00
   0.0000000e+00
   0.0000000e+00
   0.0000000e+00
   0.0000000e+00
   0.0000000e+00
   0.0000000e+00
   0.0000000e+00
   0.0000000e+00
   0.0000000e+00
   0.0000000e+00
   0.0000000e+00
   0.0000000e+00
   0.0000000e+00
   0.0000000e+00
   0.0000000e+00
   0.0000000e+00
   0.0000000e+00
   0.0000000e+00
   0.0000000e+00
   0.0000000e+00
   0.0000000e+00
   0.0000000e+00
   0.0000000e+00
   0.0000000e+00
   0.0000000e+00
   0.0000000e+00
   0.0000000e+00
   0.0000000e+00
   0.0000000e+00
   0.0000000e+00
   0.0000000e+00
   0.0000000e+00
   0.0000000e+00
   0.0000000e+00
   0.0000000e+00
   0.0000000e+00
   0.0000000e+00
   0.0000000e+00
   0.0000000e+00
   0.0000000e+00
   0.0000000e+00
   0.0000000e+00
   0.0000000e+00
   0.0000000e+00
   0.0000000e+00
   0.0000000e+00
   0.0000000e+00
   0.0000000e+00
   0.0000000e+00
   3.6997386e-01
   3.6997386e-01
   3.6997386e-01
   3.6997386e-01
   3.6997386e-01
   3.6997386e-01
   3.6997386e-01
   3.6997386e-01
   3.6997386e-01
   3.6997386e-01
   3.6997386e-01
   3.6997386e-01
   3.6997386e-01
   3.6997386e-01
   3.6997386e-01
   3.6997386e-01
   3.6997386e-01
   3.6997386e-01
   3.6997386e-01
   3.6997386e-01
   3.6997386e-01
   3.6997386e-01
   3.6997386e-01
   3.6997386e-01
   3.6997386e-01
   3.6997386e-01
   4.4152347e-01
   4.4152347e-01
   4.4152347e-01
   4.4152347e-01
   4.4152347e-01
   4.4152347e-01
   4.4152347e-01
   4.4152347e-01
   4.4152347e-01
   4.4152347e-01
   4.4152347e-01
   4.4152347e-01
   4.4152347e-01
   4.4152347e-01
   4.4152347e-01
   4.4152347e-01
   4.4152347e-01
   4.4152347e-01
   4.4152347e-01
   4.4152347e-01
   4.4152347e-01
   4.4152347e-01
   4.4152347e-01
   4.4152347e-01
   4.9355102e-01
   4.9355102e-01
   4.9355102e-01
   4.9355102e-01
   4.9355102e-01
   4.9355102e-01
   4.9355102e-01
   4.9355102e-01
   4.9355102e-01
   4.9355102e-01
   4.9355102e-01
   4.9355102e-01
   4.9355102e-01
   4.9355102e-01
   4.9355102e-01
   4.9355102e-01
   4.9355102e-01
   4.9355102e-01
   4.9355102e-01
   4.9355102e-01
   4.9355102e-01
   4.9355102e-01
   0.0000000e+00
   0.0000000e+00
   0.0000000e+00
   0.0000000e+00
   0.0000000e+00
   0.0000000e+00
   0.0000000e+00
   0.0000000e+00
   0.0000000e+00
   0.0000000e+00
   0.0000000e+00
   0.0000000e+00
   0.0000000e+00
   0.0000000e+00
   0.0000000e+00
   0.0000000e+00
   0.0000000e+00
   0.0000000e+00
   0.0000000e+00
   0.0000000e+00
   0.0000000e+00
   0.0000000e+00
   0.0000000e+00
   0.0000000e+00
   0.0000000e+00
   0.0000000e+00
   0.0000000e+00
   0.0000000e+00
   0.0000000e+00
   0.0000000e+00
   0.0000000e+00
   0.0000000e+00
   0.0000000e+00
   0.0000000e+00
   0.0000000e+00
   0.0000000e+00
   0.0000000e+00
   0.0000000e+00
   0.0000000e+00
   0.0000000e+00
   0.0000000e+00
   0.0000000e+00
   0.0000000e+00
   0.0000000e+00
   0.0000000e+00
   0.0000000e+00
   0.0000000e+00
   0.0000000e+00
   0.0000000e+00
   0.0000000e+00
   0.0000000e+00
   0.0000000e+00
   0.0000000e+00
   0.0000000e+00
   0.0000000e+00
   0.0000000e+00
   0.0000000e+00
   0.0000000e+00
   0.0000000e+00
   0.0000000e+00
   0.0000000e+00
   0.0000000e+00
   0.0000000e+00
   0.0000000e+00
   0.0000000e+00
   0.0000000e+00
   0.0000000e+00
   0.0000000e+00
   0.0000000e+00
   0.0000000e+00
   0.0000000e+00
   0.0000000e+00
   3.7305458e-01
   3.7305458e-01
   3.7305458e-01
   3.7305458e-01
   3.7305458e-01
   3.7305458e-01
   3.7305458e-01
   3.7305458e-01
   3.7305458e-01
   3.7305458e-01
   3.7305458e-01
   3.7305458e-01
   3.7305458e-01
   3.7305458e-01
   3.7305458e-01
   3.7305458e-01
   3.7305458e-01
   3.7305458e-01
   3.7305458e-01
   3.7305458e-01
   3.7305458e-01
   3.7305458e-01
   3.7305458e-01
   3.7305458e-01
   3.7305458e-01
   3.7305458e-01
   4.5261522e-01
   4.5261522e-01
   4.5261522e-01
   4.5261522e-01
   4.5261522e-01
   4.5261522e-01
   4.5261522e-01
   4.5261522e-01
   4.5261522e-01
   4.5261522e-01
   4.5261522e-01
   4.5261522e-01
   4.5261522e-01
   4.5261522e-01
   4.5261522e-01
   4.5261522e-01
   4.5261522e-01
   4.5261522e-01
   4.5261522e-01
   4.5261522e-01
   4.5261522e-01
   4.5261522e-01
   4.5261522e-01
   4.5261522e-01
   5.0588267e-01
   5.0588267e-01
   5.0588267e-01
   5.0588267e-01
   5.0588267e-01
   5.0588267e-01
   5.0588267e-01
   5.0588267e-01
   5.0588267e-01
   5.0588267e-01
   5.0588267e-01
   5.0588267e-01
   5.0588267e-01
   5.0588267e-01
   5.0588267e-01
   5.0588267e-01
   5.0588267e-01
   5.0588267e-01
   5.0588267e-01
   5.0588267e-01
   5.0588267e-01
   5.0588267e-01
