   6.6916430e-02
   4.0441230e-02
   1.9081453e-02
  -2.7703098e-03
   8.3547018e-02
   1.0289456e-01
   1.2049727e-01
   1.2472759e-01
   1.1391737e-01
   1.1787736e-01
   9.8480216e-02
   7.3276890e-02
   8.7854992e-02
   1.1198700e-01
   1.1832457e-01
   1.1583922e-01
   8.4660818e-02
   1.1032288e-01
   1.4375222e-01
   1.5817332e-01
   1.6482715e-01
   1.3804898e-01
   9.9723656e-02
   7.6054950e-02
   6.3933396e-02
   6.4641345e-02
   6.5349294e-02
   5.7231369e-02
   4.1714686e-02
   2.4170760e-02
   2.1390562e-03
