0.3122722208499908447
0.3198522031307220459
0.3402994275093078613
0.3450442254543304443
0.3551622927188873291
0.3478700518608093262
0.3486659526824951172
0.3380644619464874268
0.3438240289688110352
0.3486878871917724609
0.3528026640415191650
0.3479184508323669434
0.3563740849494934082
0.3469823002815246582
0.3293780386447906494
0.3320384621620178223
0.3284579515457153320
0.3061693310737609863
0.3012637495994567871
0.3052813112735748291
0.2943752408027648926
0.2962051033973693848
0.3042894601821899414
0.3073146045207977295
0.3071148991584777832
0.3182547688484191895
0.3290804326534271240
0.3381962478160858154
0.3572728037834167480
0.3595906198024749756
0.3723102211952209473
0.3776734471321105957
0.3685789406299591064
0.3610949814319610596
0.3613265752792358398
0.3542884886264801025
