0.3225480616092681885
0.3364827036857604980
0.3569917976856231689
0.3603304922580718994
0.3772597312927246094
0.3744708299636840820
0.3736105859279632568
0.3673964738845825195
0.3829011321067810059
0.3887121677398681641
0.3957642912864685059
0.3943765759468078613
0.4137737154960632324
0.4031802713871002197
0.3968892693519592285
0.3975528776645660400
0.3955036401748657227
0.3721563220024108887
0.3755418956279754639
0.3894017040729522705
0.3940842151641845703
0.4063964784145355225
0.4200772941112518311
0.4311383962631225586
0.4346766173839569092
0.4587544798851013184
0.4846649765968322754
0.5136551260948181152
0.5512508153915405273
0.5548049807548522949
0.5690235495567321777
0.5827980041503906250
0.5694239139556884766
0.5483144521713256836
0.5570371747016906738
0.5590920448303222656
