  -1.1552032e+00
  -7.9213499e-01
  -1.2363432e+00
  -1.1771648e-01
   1.5311258e+00
   1.5809422e-01
   2.3555962e+00
  -8.0374549e-01
  -2.0164222e+00
  -6.1942047e-01
  -2.7715246e-01
  -2.5329774e-01
  -6.0309581e-01
  -3.5666209e-01
   4.8164022e-01
   1.4475142e+00
  -2.9787953e-01
   8.6549651e-02
  -5.2527969e-01
   9.9240812e-02
  -4.1098587e-01
  -7.3586400e-01
  -7.1818911e-01
  -8.2840006e-01
  -5.5070351e-01
   9.3624278e-01
   5.4548156e-01
   5.7386846e-02
  -4.0628091e-01
  -1.9839228e-01
   1.2429597e-01
   5.4875624e-01
   1.5543958e+00
   2.7883382e+00
   1.8851064e-01
