                 36.54670541215416079694                  0.05966796875000000139                  0.81035156249999995559                  0.39355468750000000000                 -0.19667968749999997780                  0.10861328124999999889                  0.09314453124999999556                  0.30197265625000002665
                108.72537638806869608743                  0.06933593750000000000                  0.85898437500000002220                  0.66601562500000000000                 -0.29335937499999997780                  0.06800781250000000056                  0.14535156250000000333                  0.56300781249999998224
                173.27590054631269822494                  0.26533203124999998890                  0.65917968750000000000                  0.17910156250000000555                 -0.15097656250000002220                  0.05060546875000000028                  0.17435546875000001998                  0.16662109375000000444
                219.74201126986497456528                  0.12382812500000001110                  0.75234374999999997780                  0.14921875000000001110                 -0.34609374999999997780                  0.14148437499999999556                  0.35804687499999998668                  0.26523437500000002220
                244.92786105372022120719                  0.18271484375000002220                  0.78457031249999997780                  0.13339843750000002220                 -0.25996093749999993339                  0.10087890624999999722                  0.27103515625000001998                  0.58814453124999999112
                255.67228313282760154834                  0.17128906250000000555                  0.88476562500000000000                  0.98242187500000000000                 -0.10351562500000000000                  0.01386718749999999931                  0.46246093750000000222                  0.32324218750000000000
                265.52838082673645203613                  0.12734375000000000555                  0.86718750000000000000                  0.53593750000000006661                 -0.59218749999999997780                  0.08734374999999999778                  0.52046875000000003553                  0.14921875000000001110
                271.52476772162725637827                  0.31542968750000000000                  0.87304687500000000000                  0.14570312500000001665                 -0.50429687499999997780                  0.05253906250000000416                  0.09894531249999999334                  0.23816406249999999556
                411.72576524312535184436                  0.07812500000000000000                  0.88125000000000008882                  0.71875000000000000000                 -0.71875000000000000000                  0.19562499999999999334                  0.07187499999999999445                  0.44312499999999999112
                458.28298401755148461234                  0.24951171875000000000                  0.88066406249999995559                  0.74511718750000000000                 -0.80136718750000002220                  0.03126953125000000305                  0.04673828124999999944                  0.65775390624999996447
                495.34377106813059299384                  0.09306640625000001110                  0.89121093750000002220                  0.27050781250000000000                 -0.36894531249999995559                  0.07380859374999999833                  0.97099609374999995559                  0.82404296875000004885
                501.48757728809255240776                  0.10361328124999999445                  0.78574218750000002220                  0.33378906250000001110                 -0.55878906250000004441                  0.15888671875000001665                  0.15888671875000001665                  0.70802734374999998224
                508.28305754543231387288                  0.15195312500000002220                  0.73359375000000004441                  0.76796874999999997780                 -0.17734375000000002220                  0.07960937499999999611                  0.29617187500000002887                  0.20335937500000000888
                539.78001043402343839261                  0.22578124999999998890                  0.80156249999999995559                  0.39531250000000006661                 -0.50781250000000000000                  0.18015625000000001776                  0.05640624999999999806                  0.61328125000000000000
                619.65532754784021562955                  0.29169921874999998890                  0.74003906249999995559                  0.37949218750000002220                 -0.15449218749999993339                  0.18595703125000001554                  0.20142578125000001887                  0.56494140625000000000
                633.94371682491589581332                  0.20205078125000003331                  0.85136718749999995559                  0.47441406250000006661                 -0.53066406249999997780                  0.12794921875000000999                  0.68482421874999999112                  0.05833984375000000194
                657.70133338288371760427                  0.33740234375000000000                  0.88769531250000000000                  0.33027343750000004441                 -0.73808593749999995559                  0.06994140625000000444                  0.42572265624999999778                  0.80470703124999998224
                687.09560400215877962182                  0.18623046874999998890                  0.89472656250000004441                  0.53417968750000000000                 -0.89980468749999997780                  0.13955078125000000555                  0.61908203125000005329                  0.95166015625000000000
                721.91264579125254385872                  0.19150390625000002220                  0.80683593750000004441                  0.18613281250000002220                 -0.73457031250000004441                  0.16662109375000000444                  0.44505859375000000888                  0.42185546875000001776
                737.37678144673054703162                  0.37431640625000001110                  0.85371093750000004441                  0.38300781250000004441                 -0.25644531250000002220                  0.19755859375000001110                  0.35224609374999998890                  0.20529296874999999889
                744.36658831645570444380                  0.11416015625000000555                  0.87714843750000004441                  0.98769531249999997780                 -0.46738281250000002220                  0.21302734375000001443                  0.42958984374999997780                  0.53013671875000001332
                787.44806657530091342778                  0.23720703125000003331                  0.82792968749999995559                  0.68535156249999995559                 -0.43222656250000002220                  0.23623046875000000555                  0.23623046875000000555                  0.35224609374999998890
                813.89094352454276304343                  0.26269531250000000000                  0.87070312500000002220                  0.29335937499999997780                 -0.23007812500000002220                  0.15308593750000001887                  0.88011718750000000888                  0.02933593749999999917
                827.67380707507697934489                  0.07460937500000000555                  0.87890625000000000000                  0.19140625000000000000                 -0.13515624999999997780                  0.31164062500000000444                  0.59007812500000000888                  0.62101562499999996003
                848.17340945171667954128                  0.46748046874999998890                  0.85722656249999995559                  0.19667968750000000555                 -0.56230468749999995559                  0.01580078124999999972                  0.24783203125000000111                  0.08541015624999999389
                853.00148223495364163682                  0.30751953124999997780                  0.70605468750000000000                  0.43222656250000002220                 -0.62910156250000004441                  0.08154296875000000000                  0.01966796875000000056                  0.44505859375000000888
                854.04084478261495405604                  0.20468750000000002220                  0.81562500000000004441                  0.63437500000000002220                 -0.40937499999999993339                  0.04093750000000000167                  0.59781249999999996891                  0.78343750000000000888
                906.08475009328560645372                  0.35058593750000000000                  0.89648437500000000000                  0.77851562500000004441                 -0.40585937500000002220                  0.19175781250000001332                  0.51660156250000000000                  0.43925781250000001110
                921.48693139491183501377                  0.13613281250000000555                  0.80507812499999997780                  0.20898437500000000000                 -0.87695312500000000000                  0.12214843749999999833                  0.41605468750000001998                  0.74089843749999995115
                943.81647985145900747739                  0.14667968749999998890                  0.83554687500000002220                  0.48320312500000006661                 -0.16679687499999995559                  0.17628906250000000999                  0.71769531249999996003                  0.85691406250000001776
                975.00926340825185434369                  0.12294921875000000555                  0.70253906249999997780                  0.26699218749999997780                 -0.49199218749999995559                  0.06220703125000000278                  0.57267578124999996003                  0.44119140625000002887
                984.33794345161504679709                  0.11943359375000001110                  0.81738281250000000000                  0.28808593750000000000                 -0.63964843750000000000                  0.27103515625000001998                  0.03900390624999999778                  0.94392578125000003997
               1010.40697676164973017876                  0.40068359375000001110                  0.70488281249999995559                  0.17558593750000001110                 -0.30214843749999997780                  0.14728515625000002109                  0.41025390625000002220                  0.32517578125000001776
               1014.58025403298063338298                  0.28291015624999998890                  0.83964843749999995559                  0.65019531249999995559                 -0.12988281250000000000                  0.08927734374999998779                  0.80083984374999994671                  0.40638671874999998668
               1015.04014426961032313557                  0.19941406249999998890                  0.60351562500000000000                  0.36367187499999997780                 -0.38476562500000000000                  0.19949218750000000111                  0.40058593749999998890                  0.13761718750000001554
               1026.14989418108939389640                  0.15107421874999998890                  0.79628906249999997780                  0.66074218750000002220                 -0.32324218750000000000                  0.24783203125000000111                  0.51080078125000005773                  0.13181640624999999001
               1049.77100205118335907173                  0.08339843750000000555                  0.79335937499999997780                  0.52539062500000000000                 -0.43398437499999997780                  0.28457031250000003331                  0.48566406249999999334                  0.03707031250000000083
               1077.48555032943977494142                  0.43144531250000001110                  0.83320312500000004441                  0.40585937500000002220                 -0.34257812499999995559                  0.02933593749999999917                  0.26136718749999998668                  0.89558593750000003997
               1096.81889270065767050255                  0.45781250000000001110                  0.72187500000000004441                  0.35312500000000002220                 -0.46562499999999995559                  0.10281249999999998723                  0.16468750000000001443                  0.35031250000000002665
               1139.91053769758309499593                  0.21347656250000002220                  0.76289062500000004441                  0.22304687500000000555                 -0.46914062499999997780                  0.29230468749999999334                  0.18402343749999999778                  0.84917968749999994671
               1158.63316866842319541320                  0.27763671875000001110                  0.89941406250000000000                  0.23886718750000002220                 -0.29511718749999993339                  0.34064453124999999334                  0.47986328124999999556                  0.47212890624999998002
               1187.44183115235387049324                  0.34179687500000000000                  0.68203124999999997780                  0.16328124999999998890                 -0.38828125000000002220                  0.09507812499999999944                  0.49726562499999998890                  0.52820312499999999556
               1192.63182494701982250263                  0.12822265625000001110                  0.71777343750000000000                  0.62207031250000000000                 -0.38300781249999993339                  0.30583984375000000666                  0.15115234375000000111                  0.49919921875000000666
               1196.63510502998724405188                  0.05615234375000000000                  0.85019531250000002220                  0.21777343750000000000                 -0.85058593750000000000                  0.19369140625000000333                  0.79697265625000002220                  0.18595703125000001554
               1199.40110133721623242309                  0.29609374999999998890                  0.82968750000000002220                  0.19843749999999998890                 -0.92968750000000000000                  0.21109374999999999667                  0.14921875000000001110                  0.76796874999999997780
               1200.44705370061819849070                  0.27324218750000001110                  0.75117187500000004441                  0.34257812500000001110                 -0.92617187499999997780                  0.08347656249999999001                  0.25363281249999997113                  0.39285156250000002887
               1211.91332514835858091828                  0.16250000000000000555                  0.82499999999999995559                  0.32500000000000001110                 -0.32499999999999995559                  0.25750000000000000666                  0.75249999999999994671                  0.25750000000000000666
               1216.28047825878638832364                  0.21523437500000003331                  0.86015624999999995559                  0.92265624999999995559                 -0.64140624999999995559                  0.24976562500000001887                  0.28070312499999999778                  0.68289062499999997335
               1216.59916137549112136185                  0.23984375000000002220                  0.64218750000000002220                  0.31093749999999997780                 -0.36718750000000000000                  0.33484374999999999556                  0.27296874999999998224                  0.39671875000000000888
               1230.59016630306609840773                  0.08779296875000000555                  0.67910156249999997780                  0.89980468749999997780                 -0.36542968749999993339                  0.17048828125000001221                  0.03126953125000000305                  0.24009765625000001332
