  -2.7919264e-01
  -2.0094339e-01
  -2.3623384e-01
  -2.4292646e-01
  -2.4616486e-01
  -1.8201950e-01
  -2.7807998e-01
  -2.9416724e-01
  -2.5239127e-01
  -3.1719030e-01
  -2.9729734e-01
  -2.5969846e-01
  -2.5956181e-01
  -2.2245216e-01
  -2.1853229e-01
  -2.1604197e-01
  -2.2895541e-01
  -2.4566542e-01
  -2.4917943e-01
  -2.5974969e-01
  -2.4450779e-01
  -2.6316139e-01
  -2.5469440e-01
  -2.5385966e-01
  -2.7568709e-01
  -2.0725401e-01
  -2.5858430e-01
  -3.1306223e-01
  -2.7973906e-01
  -3.3755568e-01
  -2.9956332e-01
  -3.1558135e-01
  -3.0681815e-01
  -3.9502837e-01
  -4.3083896e-01
  -4.5417453e-01
  -3.9499439e-01
  -3.7447048e-01
  -3.8255775e-01
  -2.9763603e-01
  -3.1696617e-01
  -2.8559708e-01
  -2.9154717e-01
  -3.1259869e-01
  -3.2812844e-01
  -3.4511731e-01
  -3.6769471e-01
  -3.2766435e-01
  -3.6762628e-01
  -3.0423090e-01
  -3.3659872e-01
  -3.5518118e-01
  -3.5824731e-01
  -3.0437836e-01
  -3.6872021e-01
  -3.5552643e-01
  -3.4843044e-01
  -4.1527282e-01
  -5.1728575e-01
  -4.7998594e-01
  -4.5581918e-01
  -4.5042169e-01
  -3.7502068e-01
  -3.8678646e-01
  -3.4578926e-01
  -3.5982192e-01
  -3.3647437e-01
  -3.8916327e-01
  -3.4946306e-01
  -3.8562764e-01
  -4.1034718e-01
  -3.7734844e-01
  -4.2102607e-01
  -4.0099445e-01
  -3.4950492e-01
  -6.8153124e-03
   4.6914433e-02
   1.6705579e-02
   1.1337080e-02
  -4.5275583e-03
   5.3816063e-02
   5.3863077e-03
  -6.4242611e-03
  -1.2586217e-02
  -1.9639858e-02
  -5.5200224e-03
  -1.0446949e-03
  -1.1317941e-02
   1.9718170e-02
   3.3738824e-02
   1.5929644e-02
   1.7620242e-02
   1.7042049e-02
  -4.1107130e-03
   1.9940687e-02
  -2.9334574e-03
  -5.0108261e-03
   1.1630525e-02
   4.5826054e-03
   1.9477778e-02
   2.8886463e-02
   4.0382128e-03
   4.9113247e-02
   6.9598889e-02
   2.0919301e-02
   6.3073377e-02
   6.0912115e-02
   6.0129865e-02
   5.6027046e-04
  -4.1675340e-02
  -4.8419008e-02
  -3.6916024e-02
  -1.3725762e-02
   3.2303311e-03
   3.6983490e-02
   7.3202851e-02
   6.9492821e-02
   6.7203767e-02
   3.6297807e-02
   3.4949075e-02
   1.4565958e-02
   1.2587801e-02
  -8.0995384e-03
   1.4024516e-02
   3.3510707e-02
   4.9874568e-02
   5.4328945e-02
   5.4543018e-02
   1.2269748e-01
   9.1956876e-02
   7.2579297e-02
   5.9415861e-02
   4.1393453e-02
  -4.6236688e-02
  -5.5798097e-02
  -5.3512010e-02
  -3.0055306e-02
   2.8568138e-02
   5.3150177e-02
   6.4318787e-02
   1.0763480e-01
   8.6553964e-02
   6.3421770e-02
   5.9922869e-02
   3.9209192e-02
   1.7341570e-02
   2.4508563e-02
   3.0742862e-02
   6.9063533e-02
   5.8220387e-02
   2.2999514e-01
   2.7380449e-01
   2.1593785e-01
   2.4345367e-01
   2.4311934e-01
   2.7046637e-01
   2.6630495e-01
   2.5363293e-01
   2.5644287e-01
   2.0590713e-01
   2.5648756e-01
   2.6345933e-01
   2.2841222e-01
   2.3111439e-01
   2.5586646e-01
   2.2426497e-01
   2.7827482e-01
   2.7476571e-01
   2.3850361e-01
   2.3658046e-01
   2.1949103e-01
   2.2932573e-01
   2.6156415e-01
   2.4398453e-01
   2.3264575e-01
   2.6246375e-01
   2.5614607e-01
   3.5742508e-01
   3.7575356e-01
   3.2012937e-01
   3.7790181e-01
   3.7823637e-01
   3.4185922e-01
   3.1802767e-01
   3.2029627e-01
   2.9834155e-01
   2.9428252e-01
   2.7353420e-01
   3.7595005e-01
   3.8128281e-01
   3.6859970e-01
   3.9023457e-01
   3.6897698e-01
   3.3414479e-01
   3.3135129e-01
   2.9206449e-01
   2.9944956e-01
   3.2444994e-01
   3.2073901e-01
   3.5627845e-01
   3.7587913e-01
   3.8958420e-01
   4.1807118e-01
   4.4776977e-01
   4.0205657e-01
   4.2954265e-01
   4.2079959e-01
   3.7731036e-01
   3.1841356e-01
   3.2354742e-01
   2.9706983e-01
   3.4858468e-01
   3.7310292e-01
   4.1925144e-01
   4.7630809e-01
   5.1259944e-01
   4.5816394e-01
   3.7309164e-01
   4.0291803e-01
   4.1223566e-01
   3.2721486e-01
   3.6131085e-01
   3.6093628e-01
   4.1765724e-01
   4.2965183e-01
  -1.5168418e-02
   4.3596717e-02
   1.9270935e-04
   1.2138194e-02
  -6.4583082e-03
   4.9844778e-02
  -9.8827620e-03
  -1.1242041e-02
  -4.9896889e-03
  -2.3253471e-02
  -1.9258563e-02
  -5.3530769e-04
  -8.2818168e-03
   9.3232794e-03
   3.6306771e-02
   1.1932410e-02
   2.2106478e-02
   2.0161793e-02
  -4.5984363e-03
   4.5745229e-03
  -3.9198274e-03
  -1.5769734e-02
   7.8285412e-03
   2.0827472e-03
   1.4306334e-03
   3.0576836e-02
  -4.8888841e-03
   3.8940605e-02
   5.2304077e-02
  -5.1209307e-03
   5.5666244e-02
   4.8958566e-02
   4.1557560e-02
  -1.5677847e-02
  -4.1313035e-02
  -6.0245134e-02
  -4.3129572e-02
  -1.9641379e-02
   9.1867010e-03
   3.9546818e-02
   4.5505946e-02
   6.7870956e-02
   5.7385439e-02
   3.6729138e-02
   2.4236802e-02
  -2.8825545e-03
  -1.8820711e-02
  -1.6312108e-02
   1.3255473e-03
   2.8960757e-02
   3.8883954e-02
   3.3555360e-02
   4.7224235e-02
   9.9425902e-02
   4.7263941e-02
   5.4949402e-02
   4.8855067e-02
   1.0228399e-02
  -7.7730564e-02
  -7.3448289e-02
  -5.5800355e-02
  -3.7725011e-02
   1.3213620e-02
   4.4969246e-02
   6.2483308e-02
   9.0247492e-02
   8.8575396e-02
   3.0717746e-02
   5.0190942e-02
   2.0491127e-02
  -9.8691438e-03
  -1.8853819e-03
  -8.4736978e-04
   4.2092296e-02
   4.8669291e-02
