   0.0000000e+00
   0.0000000e+00
   0.0000000e+00
   0.0000000e+00
   0.0000000e+00
   0.0000000e+00
   0.0000000e+00
   0.0000000e+00
   0.0000000e+00
   0.0000000e+00
   0.0000000e+00
   0.0000000e+00
   0.0000000e+00
   0.0000000e+00
   0.0000000e+00
   0.0000000e+00
   0.0000000e+00
   0.0000000e+00
   0.0000000e+00
   0.0000000e+00
   0.0000000e+00
   0.0000000e+00
   0.0000000e+00
   0.0000000e+00
   0.0000000e+00
   0.0000000e+00
   0.0000000e+00
   0.0000000e+00
   0.0000000e+00
   0.0000000e+00
   0.0000000e+00
   0.0000000e+00
   0.0000000e+00
   0.0000000e+00
   0.0000000e+00
   0.0000000e+00
   0.0000000e+00
   0.0000000e+00
   0.0000000e+00
   0.0000000e+00
   0.0000000e+00
   0.0000000e+00
   0.0000000e+00
   0.0000000e+00
   0.0000000e+00
   0.0000000e+00
   0.0000000e+00
   0.0000000e+00
   0.0000000e+00
   0.0000000e+00
   0.0000000e+00
   0.0000000e+00
   0.0000000e+00
   0.0000000e+00
   0.0000000e+00
   0.0000000e+00
   0.0000000e+00
   0.0000000e+00
   0.0000000e+00
   0.0000000e+00
   0.0000000e+00
   0.0000000e+00
   0.0000000e+00
   0.0000000e+00
   0.0000000e+00
   0.0000000e+00
   0.0000000e+00
   0.0000000e+00
   0.0000000e+00
   0.0000000e+00
   0.0000000e+00
   0.0000000e+00
   0.0000000e+00
   0.0000000e+00
   0.0000000e+00
   2.3132295e-01
   2.3132295e-01
   2.3132295e-01
   2.3132295e-01
   2.3132295e-01
   2.3132295e-01
   2.3132295e-01
   2.3132295e-01
   2.3132295e-01
   2.3132295e-01
   2.3132295e-01
   2.3132295e-01
   2.3132295e-01
   2.3132295e-01
   2.3132295e-01
   2.3132295e-01
   2.3132295e-01
   2.3132295e-01
   2.3132295e-01
   2.3132295e-01
   2.3132295e-01
   2.3132295e-01
   2.3132295e-01
   2.3132295e-01
   2.3132295e-01
   2.3132295e-01
   2.3132295e-01
   3.0365509e-01
   3.0365509e-01
   3.0365509e-01
   3.0365509e-01
   3.0365509e-01
   3.0365509e-01
   3.0365509e-01
   3.0365509e-01
   3.0365509e-01
   3.0365509e-01
   3.0365509e-01
   3.0365509e-01
   3.0365509e-01
   3.0365509e-01
   3.0365509e-01
   3.0365509e-01
   3.0365509e-01
   3.0365509e-01
   3.0365509e-01
   3.0365509e-01
   3.0365509e-01
   3.0365509e-01
   3.0365509e-01
   3.0365509e-01
   3.0365509e-01
   3.3812014e-01
   3.3812014e-01
   3.3812014e-01
   3.3812014e-01
   3.3812014e-01
   3.3812014e-01
   3.3812014e-01
   3.3812014e-01
   3.3812014e-01
   3.3812014e-01
   3.3812014e-01
   3.3812014e-01
   3.3812014e-01
   3.3812014e-01
   3.3812014e-01
   3.3812014e-01
   3.3812014e-01
   3.3812014e-01
   3.3812014e-01
   3.3812014e-01
   3.3812014e-01
   3.3812014e-01
   3.3812014e-01
   0.0000000e+00
   0.0000000e+00
   0.0000000e+00
   0.0000000e+00
   0.0000000e+00
   0.0000000e+00
   0.0000000e+00
   0.0000000e+00
   0.0000000e+00
   0.0000000e+00
   0.0000000e+00
   0.0000000e+00
   0.0000000e+00
   0.0000000e+00
   0.0000000e+00
   0.0000000e+00
   0.0000000e+00
   0.0000000e+00
   0.0000000e+00
   0.0000000e+00
   0.0000000e+00
   0.0000000e+00
   0.0000000e+00
   0.0000000e+00
   0.0000000e+00
   0.0000000e+00
   0.0000000e+00
   0.0000000e+00
   0.0000000e+00
   0.0000000e+00
   0.0000000e+00
   0.0000000e+00
   0.0000000e+00
   0.0000000e+00
   0.0000000e+00
   0.0000000e+00
   0.0000000e+00
   0.0000000e+00
   0.0000000e+00
   0.0000000e+00
   0.0000000e+00
   0.0000000e+00
   0.0000000e+00
   0.0000000e+00
   0.0000000e+00
   0.0000000e+00
   0.0000000e+00
   0.0000000e+00
   0.0000000e+00
   0.0000000e+00
   0.0000000e+00
   0.0000000e+00
   0.0000000e+00
   0.0000000e+00
   0.0000000e+00
   0.0000000e+00
   0.0000000e+00
   0.0000000e+00
   0.0000000e+00
   0.0000000e+00
   0.0000000e+00
   0.0000000e+00
   0.0000000e+00
   0.0000000e+00
   0.0000000e+00
   0.0000000e+00
   0.0000000e+00
   0.0000000e+00
   0.0000000e+00
   0.0000000e+00
   0.0000000e+00
   0.0000000e+00
   0.0000000e+00
   0.0000000e+00
   0.0000000e+00
   2.3229895e-01
   2.3229895e-01
   2.3229895e-01
   2.3229895e-01
   2.3229895e-01
   2.3229895e-01
   2.3229895e-01
   2.3229895e-01
   2.3229895e-01
   2.3229895e-01
   2.3229895e-01
   2.3229895e-01
   2.3229895e-01
   2.3229895e-01
   2.3229895e-01
   2.3229895e-01
   2.3229895e-01
   2.3229895e-01
   2.3229895e-01
   2.3229895e-01
   2.3229895e-01
   2.3229895e-01
   2.3229895e-01
   2.3229895e-01
   2.3229895e-01
   2.3229895e-01
   2.3229895e-01
   3.0884059e-01
   3.0884059e-01
   3.0884059e-01
   3.0884059e-01
   3.0884059e-01
   3.0884059e-01
   3.0884059e-01
   3.0884059e-01
   3.0884059e-01
   3.0884059e-01
   3.0884059e-01
   3.0884059e-01
   3.0884059e-01
   3.0884059e-01
   3.0884059e-01
   3.0884059e-01
   3.0884059e-01
   3.0884059e-01
   3.0884059e-01
   3.0884059e-01
   3.0884059e-01
   3.0884059e-01
   3.0884059e-01
   3.0884059e-01
   3.0884059e-01
   3.5003062e-01
   3.5003062e-01
   3.5003062e-01
   3.5003062e-01
   3.5003062e-01
   3.5003062e-01
   3.5003062e-01
   3.5003062e-01
   3.5003062e-01
   3.5003062e-01
   3.5003062e-01
   3.5003062e-01
   3.5003062e-01
   3.5003062e-01
   3.5003062e-01
   3.5003062e-01
   3.5003062e-01
   3.5003062e-01
   3.5003062e-01
   3.5003062e-01
   3.5003062e-01
   3.5003062e-01
   3.5003062e-01
