0.208100603703704
0.197983039423813
0.224843710556836
0.182113459697245
0.197475536244928
0.187417497126145
0.200295312893518
0.188953667547461
0.201147580116485
0.210251649755698
0.182261690704940
0.196985376525926
0.172690594537229
0.161370568189437
0.167590473794488
0.171120491125309
0.174606922347833
0.184178034071161
0.184126342324655
0.216496004158855
0.191272152769934
0.211833187070618
0.204505167297192
0.216468586184885
0.236123968935579
0.247960087948098
0.230848034322652
0.246166922116247
0.241462850484857
0.246498303226907
0.246095598950434
0.247341206282823
0.274352497973248
0.260743141476560
0.269230587036845
0.259196829562976
