  -3.5950043e-01
  -3.7384091e-01
  -4.3168991e-01
  -4.4374682e-01
  -5.0835404e-01
  -4.8435109e-01
  -3.4268189e-01
  -3.6348065e-01
  -4.0701787e-01
  -3.5794663e-01
  -4.2195637e-01
  -4.2642155e-01
  -3.8845490e-01
  -4.0889413e-01
  -3.6269441e-01
  -3.4069989e-01
  -4.2711907e-01
  -3.8895024e-01
  -3.7581536e-01
  -3.5777582e-01
  -3.1113557e-01
  -5.1565023e-01
  -4.1925298e-01
  -3.5316446e-01
  -3.7468142e-01
  -5.0113974e-01
  -4.3715929e-01
  -5.1984583e-01
  -5.5202388e-01
  -5.6889163e-01
  -4.9260735e-01
  -5.1924168e-01
  -5.0149011e-01
  -4.3167555e-01
  -3.9657568e-01
  -4.9078071e-01
  -4.6738052e-01
  -5.6154167e-01
  -4.7182679e-01
  -4.7049177e-01
  -3.9257097e-01
  -4.4868624e-01
  -4.7067523e-01
  -4.4249058e-01
  -3.8829542e-01
  -5.3574229e-01
  -5.3084637e-01
  -4.7554971e-01
  -4.6812560e-01
  -5.8486463e-01
  -5.5480992e-01
  -5.6860813e-01
  -5.2486354e-01
  -5.6929377e-01
  -5.6146169e-01
  -5.0475189e-01
  -4.5728702e-01
  -4.7931067e-01
  -4.8320592e-01
  -5.6335793e-01
  -5.3040988e-01
  -5.3937201e-01
  -4.9206831e-01
  -4.5156048e-01
  -4.2326828e-01
  -4.3397608e-01
  -4.2725548e-01
  -5.2629736e-01
  -5.4158947e-01
  -5.1992098e-01
  -5.5713139e-01
  -6.1478381e-01
   6.3661415e-02
   5.5829392e-02
   1.2638939e-02
  -8.2817879e-03
   5.6828918e-03
   4.5762512e-02
   7.4722767e-02
   7.0172813e-02
   5.3855949e-02
   6.1251243e-02
   4.4665443e-02
   2.4284019e-02
   2.6270072e-02
   3.3406921e-02
   4.9655174e-02
   5.8645965e-02
   3.5834579e-02
   4.9410636e-02
   5.4894767e-02
   8.7818519e-02
   7.8333804e-02
   3.2857421e-02
   4.6759661e-02
   3.9864173e-02
   2.2456809e-02
   1.4617659e-02
   7.2408085e-02
   6.8942003e-02
   1.6678313e-02
   2.1154430e-02
   8.2733704e-02
   1.1336911e-01
   1.4196651e-01
   1.4192173e-01
   1.1830022e-01
   9.1126748e-02
   8.0121870e-02
   4.5058650e-02
   6.0698478e-02
   8.0135838e-02
   7.8158918e-02
   1.1845457e-01
   8.8700450e-02
   1.4491154e-01
   1.6917072e-01
   1.0454031e-01
   7.5333170e-02
   8.1056263e-02
   5.7034254e-02
   8.9405514e-03
   9.6089718e-02
   9.3785395e-02
   1.0785709e-01
   1.1641560e-01
   1.2775597e-01
   1.8143185e-01
   2.0193608e-01
   1.8493134e-01
   1.4629823e-01
   1.1794858e-01
   1.2525778e-01
   9.7352543e-02
   1.0202482e-01
   1.3704207e-01
   1.5151908e-01
   1.8091274e-01
   2.1989654e-01
   1.8324730e-01
   1.4434357e-01
   1.1916417e-01
   1.1224859e-01
   5.9309161e-02
   4.6658491e-01
   4.9095690e-01
   3.9371634e-01
   3.4992445e-01
   3.5872294e-01
   4.1599669e-01
   5.1062300e-01
   5.1880446e-01
   4.3139532e-01
   4.8832194e-01
   4.9013476e-01
   4.8403590e-01
   4.0600043e-01
   4.3158453e-01
   4.7807795e-01
   5.1342673e-01
   4.7979147e-01
   4.8169776e-01
   4.8088225e-01
   5.3180918e-01
   4.8216544e-01
   4.3198668e-01
   5.0283015e-01
   4.5648993e-01
   4.0530028e-01
   3.3901301e-01
   6.0799416e-01
   5.3879635e-01
   4.6374775e-01
   4.8303661e-01
   5.3926032e-01
   6.0795523e-01
   6.4275465e-01
   6.8365758e-01
   6.0833146e-01
   6.0533486e-01
   6.0691017e-01
   5.4062107e-01
   6.0593711e-01
   5.9318728e-01
   5.7328966e-01
   6.0471021e-01
   6.0658498e-01
   6.4028084e-01
   6.8806056e-01
   5.9937426e-01
   5.5354417e-01
   6.0795861e-01
   5.6090496e-01
   4.4127478e-01
   6.4498953e-01
   6.0855923e-01
   6.0882251e-01
   5.8851502e-01
   6.4727287e-01
   7.4490915e-01
   7.8883068e-01
   7.6083658e-01
   7.3122505e-01
   6.7395983e-01
   8.4258572e-01
   7.1165106e-01
   6.8448571e-01
   6.5723929e-01
   6.6698686e-01
   7.2433332e-01
   7.7759805e-01
   7.2447279e-01
   6.3354674e-01
   6.7552474e-01
   7.0131507e-01
   5.6475666e-01
   5.8337366e-02
   6.3508447e-02
  -2.2425896e-03
  -2.3094779e-02
  -4.3408435e-02
   5.2113035e-03
   7.6119875e-02
   8.2297135e-02
   1.6429119e-02
   5.1189423e-02
   4.2393378e-02
   1.7573057e-02
   1.2422928e-02
   1.6225492e-02
   5.9808047e-02
   8.4691458e-02
   3.0066426e-02
   4.4170157e-02
   5.8486916e-02
   8.6562694e-02
   7.7324530e-02
   2.9427644e-03
   5.4403205e-02
   4.0708182e-02
   1.1734261e-02
  -3.8154658e-02
   8.5116686e-02
   5.2578642e-02
  -6.7993593e-03
  -2.0955507e-02
   4.9835979e-02
   8.0611468e-02
   1.1093471e-01
   1.2898742e-01
   8.8021044e-02
   7.5882507e-02
   7.7726699e-02
   1.9499921e-02
   7.8294562e-02
   8.6610477e-02
   9.2850727e-02
   1.2134807e-01
   7.7417283e-02
   1.3526166e-01
   1.5088390e-01
   7.1103490e-02
   4.6191932e-02
   8.0735069e-02
   4.3004557e-02
  -3.0398259e-02
   7.6226375e-02
   6.2275462e-02
   6.0616784e-02
   6.1759555e-02
   7.8328068e-02
   1.4543506e-01
   1.8897190e-01
   1.6475558e-01
   1.2639315e-01
   9.1534058e-02
   1.4776629e-01
   9.8197486e-02
   1.0958438e-01
   1.3274784e-01
   1.3435701e-01
   1.5052963e-01
   1.9861724e-01
   1.4742318e-01
   1.1418776e-01
   9.2089425e-02
   7.9640311e-02
   1.4909028e-02
