   0.0000000e+00
   0.0000000e+00
   0.0000000e+00
   0.0000000e+00
   0.0000000e+00
   0.0000000e+00
   0.0000000e+00
   0.0000000e+00
   0.0000000e+00
   0.0000000e+00
   0.0000000e+00
   0.0000000e+00
   0.0000000e+00
   0.0000000e+00
   0.0000000e+00
   0.0000000e+00
   0.0000000e+00
   0.0000000e+00
   0.0000000e+00
   0.0000000e+00
   0.0000000e+00
   0.0000000e+00
   0.0000000e+00
   0.0000000e+00
   0.0000000e+00
   0.0000000e+00
   0.0000000e+00
   0.0000000e+00
   0.0000000e+00
   0.0000000e+00
   0.0000000e+00
   0.0000000e+00
   0.0000000e+00
   0.0000000e+00
   0.0000000e+00
   0.0000000e+00
   0.0000000e+00
   0.0000000e+00
   0.0000000e+00
   0.0000000e+00
   0.0000000e+00
   0.0000000e+00
   0.0000000e+00
   0.0000000e+00
   0.0000000e+00
   0.0000000e+00
   0.0000000e+00
   0.0000000e+00
   0.0000000e+00
   0.0000000e+00
   0.0000000e+00
   0.0000000e+00
   0.0000000e+00
   0.0000000e+00
   0.0000000e+00
   0.0000000e+00
   0.0000000e+00
   0.0000000e+00
   0.0000000e+00
   0.0000000e+00
   0.0000000e+00
   0.0000000e+00
   0.0000000e+00
   0.0000000e+00
   0.0000000e+00
   0.0000000e+00
   0.0000000e+00
   0.0000000e+00
   0.0000000e+00
   0.0000000e+00
   0.0000000e+00
   0.0000000e+00
   4.1033223e-01
   4.1033223e-01
   4.1033223e-01
   4.1033223e-01
   4.1033223e-01
   4.1033223e-01
   4.1033223e-01
   4.1033223e-01
   4.1033223e-01
   4.1033223e-01
   4.1033223e-01
   4.1033223e-01
   4.1033223e-01
   4.1033223e-01
   4.1033223e-01
   4.1033223e-01
   4.1033223e-01
   4.1033223e-01
   4.1033223e-01
   4.1033223e-01
   4.1033223e-01
   4.1033223e-01
   4.1033223e-01
   4.1033223e-01
   4.1033223e-01
   4.1033223e-01
   4.9760797e-01
   4.9760797e-01
   4.9760797e-01
   4.9760797e-01
   4.9760797e-01
   4.9760797e-01
   4.9760797e-01
   4.9760797e-01
   4.9760797e-01
   4.9760797e-01
   4.9760797e-01
   4.9760797e-01
   4.9760797e-01
   4.9760797e-01
   4.9760797e-01
   4.9760797e-01
   4.9760797e-01
   4.9760797e-01
   4.9760797e-01
   4.9760797e-01
   4.9760797e-01
   4.9760797e-01
   4.9760797e-01
   4.9760797e-01
   5.5252947e-01
   5.5252947e-01
   5.5252947e-01
   5.5252947e-01
   5.5252947e-01
   5.5252947e-01
   5.5252947e-01
   5.5252947e-01
   5.5252947e-01
   5.5252947e-01
   5.5252947e-01
   5.5252947e-01
   5.5252947e-01
   5.5252947e-01
   5.5252947e-01
   5.5252947e-01
   5.5252947e-01
   5.5252947e-01
   5.5252947e-01
   5.5252947e-01
   5.5252947e-01
   5.5252947e-01
   0.0000000e+00
   0.0000000e+00
   0.0000000e+00
   0.0000000e+00
   0.0000000e+00
   0.0000000e+00
   0.0000000e+00
   0.0000000e+00
   0.0000000e+00
   0.0000000e+00
   0.0000000e+00
   0.0000000e+00
   0.0000000e+00
   0.0000000e+00
   0.0000000e+00
   0.0000000e+00
   0.0000000e+00
   0.0000000e+00
   0.0000000e+00
   0.0000000e+00
   0.0000000e+00
   0.0000000e+00
   0.0000000e+00
   0.0000000e+00
   0.0000000e+00
   0.0000000e+00
   0.0000000e+00
   0.0000000e+00
   0.0000000e+00
   0.0000000e+00
   0.0000000e+00
   0.0000000e+00
   0.0000000e+00
   0.0000000e+00
   0.0000000e+00
   0.0000000e+00
   0.0000000e+00
   0.0000000e+00
   0.0000000e+00
   0.0000000e+00
   0.0000000e+00
   0.0000000e+00
   0.0000000e+00
   0.0000000e+00
   0.0000000e+00
   0.0000000e+00
   0.0000000e+00
   0.0000000e+00
   0.0000000e+00
   0.0000000e+00
   0.0000000e+00
   0.0000000e+00
   0.0000000e+00
   0.0000000e+00
   0.0000000e+00
   0.0000000e+00
   0.0000000e+00
   0.0000000e+00
   0.0000000e+00
   0.0000000e+00
   0.0000000e+00
   0.0000000e+00
   0.0000000e+00
   0.0000000e+00
   0.0000000e+00
   0.0000000e+00
   0.0000000e+00
   0.0000000e+00
   0.0000000e+00
   0.0000000e+00
   0.0000000e+00
   0.0000000e+00
   4.1233718e-01
   4.1233718e-01
   4.1233718e-01
   4.1233718e-01
   4.1233718e-01
   4.1233718e-01
   4.1233718e-01
   4.1233718e-01
   4.1233718e-01
   4.1233718e-01
   4.1233718e-01
   4.1233718e-01
   4.1233718e-01
   4.1233718e-01
   4.1233718e-01
   4.1233718e-01
   4.1233718e-01
   4.1233718e-01
   4.1233718e-01
   4.1233718e-01
   4.1233718e-01
   4.1233718e-01
   4.1233718e-01
   4.1233718e-01
   4.1233718e-01
   4.1233718e-01
   5.0801907e-01
   5.0801907e-01
   5.0801907e-01
   5.0801907e-01
   5.0801907e-01
   5.0801907e-01
   5.0801907e-01
   5.0801907e-01
   5.0801907e-01
   5.0801907e-01
   5.0801907e-01
   5.0801907e-01
   5.0801907e-01
   5.0801907e-01
   5.0801907e-01
   5.0801907e-01
   5.0801907e-01
   5.0801907e-01
   5.0801907e-01
   5.0801907e-01
   5.0801907e-01
   5.0801907e-01
   5.0801907e-01
   5.0801907e-01
   5.7663959e-01
   5.7663959e-01
   5.7663959e-01
   5.7663959e-01
   5.7663959e-01
   5.7663959e-01
   5.7663959e-01
   5.7663959e-01
   5.7663959e-01
   5.7663959e-01
   5.7663959e-01
   5.7663959e-01
   5.7663959e-01
   5.7663959e-01
   5.7663959e-01
   5.7663959e-01
   5.7663959e-01
   5.7663959e-01
   5.7663959e-01
   5.7663959e-01
   5.7663959e-01
   5.7663959e-01
