   8.5116686e-02
   5.2578642e-02
  -6.7993593e-03
  -2.0955507e-02
   4.9835979e-02
   8.0611468e-02
   1.1093471e-01
   1.2898742e-01
   8.8021044e-02
   7.5882507e-02
   7.7726699e-02
   1.9499921e-02
   7.8294562e-02
   8.6610477e-02
   9.2850727e-02
   1.2134807e-01
   7.7417283e-02
   1.0326440e-01
   1.3526166e-01
   1.4614785e-01
   1.5088390e-01
   1.1573965e-01
   7.1103490e-02
   5.3901754e-02
   4.6191932e-02
   6.3463501e-02
   8.0735069e-02
   6.8100000e-02
   4.3004557e-02
   1.1477832e-02
  -3.0398259e-02
