0.4578087329864501953
0.4524933099746704102
0.4589680135250091553
0.4593604505062103271
0.4739087522029876709
0.4683266282081604004
0.4791204631328582764
0.4792917668819427490
0.4891628026962280273
0.4917750358581542969
0.5153855085372924805
0.5218477845191955566
0.5385508537292480469
0.5476648211479187012
0.5472653508186340332
0.5445894598960876465
0.5547965764999389648
0.5469351410865783691
0.5533484220504760742
0.5736019015312194824
0.5820703506469726562
0.5886696577072143555
0.6168113350868225098
0.6073343753814697266
0.6202300190925598145
0.6424250006675720215
0.6674538254737854004
0.6791929602622985840
0.7123435139656066895
0.7268050312995910645
0.7384319901466369629
0.7609340548515319824
0.7609822154045104980
0.7615391016006469727
0.7586418986320495605
0.7697650790214538574
