0.4460917711257934570
0.4352970421314239502
0.4550490081310272217
0.4536563754081726074
0.4674937427043914795
0.4595297574996948242
0.4742650985717773438
0.4703114628791809082
0.4775716662406921387
0.4788795113563537598
0.4941041171550750732
0.5004495382308959961
0.5102529525756835938
0.5218831896781921387
0.5160386562347412109
0.5180286765098571777
0.5195551514625549316
0.5135408639907836914
0.5125852823257446289
0.5259086489677429199
0.5277855396270751953
0.5331546664237976074
0.5502792000770568848
0.5396065711975097656
0.5441692471504211426
0.5569570660591125488
0.5698835849761962891
0.5756307244300842285
0.5964567661285400391
0.6179366707801818848
0.6301413178443908691
0.6486724019050598145
0.6522358655929565430
0.6618136763572692871
0.6511313915252685547
0.6541466116905212402
