  -3.2763468e-01
  -2.4678615e-01
  -2.5902576e-01
  -2.6872097e-01
  -2.4527409e-01
  -2.6775902e-01
  -3.0704293e-01
  -3.3786298e-01
  -3.1089514e-01
  -3.6939654e-01
  -3.5872412e-01
  -3.8063686e-01
  -3.2695659e-01
  -2.9231930e-01
  -2.8374401e-01
  -2.7139027e-01
  -3.0988073e-01
  -3.3343092e-01
  -3.4265215e-01
  -3.4291934e-01
  -3.3142104e-01
  -2.7985984e-01
  -2.5846908e-01
  -3.3610977e-01
  -3.6079960e-01
  -2.0401761e-01
  -2.2737230e-01
  -3.7109477e-01
  -3.6553087e-01
  -3.4776852e-01
  -3.7480788e-01
  -3.8739813e-01
  -3.8965054e-01
  -4.3701461e-01
  -5.0880133e-01
  -5.4074830e-01
  -5.0465156e-01
  -5.0400195e-01
  -5.5454175e-01
  -4.4040203e-01
  -4.7478755e-01
  -3.7651887e-01
  -4.1673802e-01
  -4.4491702e-01
  -4.5324816e-01
  -5.2543065e-01
  -4.3780975e-01
  -3.7263453e-01
  -3.7326093e-01
  -4.2121055e-01
  -3.9041338e-01
  -3.3074849e-01
  -3.8258539e-01
  -4.2236194e-01
  -4.4758638e-01
  -4.2066391e-01
  -4.6321089e-01
  -5.3864819e-01
  -6.2611704e-01
  -6.1828426e-01
  -5.5399206e-01
  -5.5611755e-01
  -5.7673288e-01
  -5.5898571e-01
  -5.0971483e-01
  -4.4854210e-01
  -4.9754259e-01
  -5.2022739e-01
  -5.6691809e-01
  -5.2539200e-01
  -4.8563784e-01
  -4.2927734e-01
  -5.2652613e-01
  -4.4488945e-01
  -3.8782610e-01
   1.0006163e-03
   3.1350111e-02
   2.3982741e-02
   1.8337706e-02
   6.4251239e-03
   2.2557242e-02
   1.7847762e-02
   1.0294792e-03
  -1.2220154e-02
  -3.4179769e-03
   1.7339462e-02
  -2.2339862e-03
  -4.3990632e-03
   1.3710022e-02
   2.7053597e-02
   1.0650162e-02
   4.8067631e-03
   2.1062859e-02
   7.8008277e-03
   1.5225533e-03
  -1.0408149e-02
   9.1381236e-03
   1.5049714e-02
  -5.5644859e-04
   1.9248270e-02
   3.7850404e-02
   1.4072206e-02
   5.5414511e-02
   7.4998267e-02
   4.4921339e-02
   4.6874518e-02
   5.2789260e-02
   4.7059638e-02
   1.6167319e-02
  -1.3198167e-02
   8.6210016e-03
   1.3193924e-02
   1.4787567e-02
   5.2594603e-03
   4.1936874e-02
   6.7408615e-02
   5.9496033e-02
   5.9972924e-02
   3.6917901e-02
   3.2120019e-02
  -3.5063083e-04
   1.6056436e-02
   1.3946008e-02
   3.2905107e-02
   4.7765314e-02
   5.7655924e-02
   7.9018282e-02
   9.3562758e-02
   1.0636561e-01
   9.5641307e-02
   7.7482163e-02
   5.3107924e-02
   3.9243176e-02
   1.8884860e-02
   3.8239324e-04
   7.5509322e-03
   2.5389179e-02
   4.1542284e-02
   6.1361313e-02
   5.4038771e-02
   1.1941291e-01
   9.7259783e-02
   5.7720214e-02
   4.7127523e-02
   4.6802089e-02
   3.5639100e-02
   4.7778190e-02
   5.0168821e-02
   9.6146182e-02
   9.2269265e-02
   2.9047929e-01
   3.2070118e-01
   2.6221992e-01
   2.8322837e-01
   2.8725760e-01
   2.5724924e-01
   2.9045613e-01
   2.5763825e-01
   2.7042793e-01
   2.4806422e-01
   3.0496039e-01
   2.6515397e-01
   2.5238900e-01
   2.6542568e-01
   2.9700847e-01
   2.6112071e-01
   3.1660448e-01
   3.2819444e-01
   2.9503800e-01
   2.8748962e-01
   2.5077026e-01
   2.8828776e-01
   3.0432756e-01
   2.5811532e-01
   2.6296662e-01
   2.7748245e-01
   2.8611316e-01
   4.1982564e-01
   4.2976967e-01
   4.0267967e-01
   3.9505321e-01
   4.1307963e-01
   3.7954947e-01
   3.5178141e-01
   3.3840811e-01
   3.8450689e-01
   3.5521676e-01
   3.3689484e-01
   3.6072724e-01
   4.0158272e-01
   4.3618782e-01
   4.3250003e-01
   4.9039576e-01
   4.1876440e-01
   3.7055147e-01
   3.2923551e-01
   3.3664182e-01
   4.0977536e-01
   4.2768353e-01
   4.2130352e-01
   3.7090191e-01
   3.9147083e-01
   5.2752699e-01
   5.0751438e-01
   4.8219648e-01
   4.8308556e-01
   4.7031611e-01
   3.9385456e-01
   4.0704889e-01
   3.7948986e-01
   3.9622805e-01
   4.0141056e-01
   4.2084288e-01
   4.5978928e-01
   5.4039312e-01
   6.0582592e-01
   5.2098730e-01
   4.2250542e-01
   4.1552954e-01
   4.3393188e-01
   4.3033106e-01
   4.1435726e-01
   4.3079122e-01
   5.3946743e-01
   4.9254976e-01
  -9.6552327e-03
   3.0263486e-02
   2.7227815e-03
   1.1138980e-02
   4.5972948e-03
   1.1766943e-02
   3.6914944e-03
  -2.2456013e-02
  -2.3902664e-02
  -3.2645686e-02
  -8.5111381e-03
  -2.4248917e-02
  -1.9155440e-02
  -8.1171505e-03
   1.8089569e-02
   2.3722984e-03
  -5.7228129e-03
   3.0607337e-03
  -1.8334365e-02
  -1.9167074e-02
  -2.7573302e-02
  -5.0693395e-03
   1.9900522e-02
  -1.3819550e-02
  -1.9633477e-02
   3.7394482e-02
   1.6228902e-02
   3.8320918e-02
   5.2636122e-02
   2.2544450e-02
   3.3401005e-02
   4.8389689e-02
   1.8596967e-02
  -1.7264922e-02
  -5.5006639e-02
  -3.7238082e-02
  -3.1271427e-02
  -2.3943495e-02
  -3.5217182e-02
   2.1386836e-02
   3.8456758e-02
   3.8822262e-02
   4.5155692e-02
   9.2174420e-03
  -6.0607635e-03
  -5.1674920e-02
  -1.5864020e-02
   2.2103937e-02
   3.0379408e-02
   2.5416726e-02
   2.4519732e-02
   4.7211462e-02
   8.2171415e-02
   7.9306328e-02
   6.8801922e-02
   5.4145143e-02
   3.4616117e-02
  -1.7293685e-02
  -4.4133055e-02
  -7.1479611e-02
  -4.7659136e-02
  -3.9101083e-02
  -2.4902803e-03
   2.1151206e-02
   3.7831049e-02
   8.8023558e-02
   6.2288642e-02
  -8.4217101e-03
  -7.8853075e-03
   2.4753226e-03
   3.9407977e-03
   1.0246921e-02
   1.2397165e-02
   7.1665372e-02
   7.9759329e-02
