   0.0000000e+00
   0.0000000e+00
   0.0000000e+00
   0.0000000e+00
   0.0000000e+00
   0.0000000e+00
   0.0000000e+00
   0.0000000e+00
   0.0000000e+00
   0.0000000e+00
   0.0000000e+00
   0.0000000e+00
   0.0000000e+00
   0.0000000e+00
   0.0000000e+00
   0.0000000e+00
   0.0000000e+00
   0.0000000e+00
   0.0000000e+00
   0.0000000e+00
   0.0000000e+00
   0.0000000e+00
   0.0000000e+00
   0.0000000e+00
   0.0000000e+00
   0.0000000e+00
   0.0000000e+00
   0.0000000e+00
   0.0000000e+00
   0.0000000e+00
   0.0000000e+00
   0.0000000e+00
   0.0000000e+00
   0.0000000e+00
   0.0000000e+00
   0.0000000e+00
   0.0000000e+00
   0.0000000e+00
   0.0000000e+00
   0.0000000e+00
   0.0000000e+00
   0.0000000e+00
   0.0000000e+00
   0.0000000e+00
   0.0000000e+00
   0.0000000e+00
   0.0000000e+00
   0.0000000e+00
   0.0000000e+00
   0.0000000e+00
   0.0000000e+00
   0.0000000e+00
   0.0000000e+00
   0.0000000e+00
   0.0000000e+00
   0.0000000e+00
   0.0000000e+00
   0.0000000e+00
   0.0000000e+00
   0.0000000e+00
   0.0000000e+00
   0.0000000e+00
   0.0000000e+00
   0.0000000e+00
   0.0000000e+00
   0.0000000e+00
   0.0000000e+00
   0.0000000e+00
   0.0000000e+00
   0.0000000e+00
   0.0000000e+00
   0.0000000e+00
   0.0000000e+00
   0.0000000e+00
   0.0000000e+00
   2.6718883e-01
   2.6718883e-01
   2.6718883e-01
   2.6718883e-01
   2.6718883e-01
   2.6718883e-01
   2.6718883e-01
   2.6718883e-01
   2.6718883e-01
   2.6718883e-01
   2.6718883e-01
   2.6718883e-01
   2.6718883e-01
   2.6718883e-01
   2.6718883e-01
   2.6718883e-01
   2.6718883e-01
   2.6718883e-01
   2.6718883e-01
   2.6718883e-01
   2.6718883e-01
   2.6718883e-01
   2.6718883e-01
   2.6718883e-01
   2.6718883e-01
   2.6718883e-01
   2.6718883e-01
   3.5462609e-01
   3.5462609e-01
   3.5462609e-01
   3.5462609e-01
   3.5462609e-01
   3.5462609e-01
   3.5462609e-01
   3.5462609e-01
   3.5462609e-01
   3.5462609e-01
   3.5462609e-01
   3.5462609e-01
   3.5462609e-01
   3.5462609e-01
   3.5462609e-01
   3.5462609e-01
   3.5462609e-01
   3.5462609e-01
   3.5462609e-01
   3.5462609e-01
   3.5462609e-01
   3.5462609e-01
   3.5462609e-01
   3.5462609e-01
   3.5462609e-01
   4.0048247e-01
   4.0048247e-01
   4.0048247e-01
   4.0048247e-01
   4.0048247e-01
   4.0048247e-01
   4.0048247e-01
   4.0048247e-01
   4.0048247e-01
   4.0048247e-01
   4.0048247e-01
   4.0048247e-01
   4.0048247e-01
   4.0048247e-01
   4.0048247e-01
   4.0048247e-01
   4.0048247e-01
   4.0048247e-01
   4.0048247e-01
   4.0048247e-01
   4.0048247e-01
   4.0048247e-01
   4.0048247e-01
   0.0000000e+00
   0.0000000e+00
   0.0000000e+00
   0.0000000e+00
   0.0000000e+00
   0.0000000e+00
   0.0000000e+00
   0.0000000e+00
   0.0000000e+00
   0.0000000e+00
   0.0000000e+00
   0.0000000e+00
   0.0000000e+00
   0.0000000e+00
   0.0000000e+00
   0.0000000e+00
   0.0000000e+00
   0.0000000e+00
   0.0000000e+00
   0.0000000e+00
   0.0000000e+00
   0.0000000e+00
   0.0000000e+00
   0.0000000e+00
   0.0000000e+00
   0.0000000e+00
   0.0000000e+00
   0.0000000e+00
   0.0000000e+00
   0.0000000e+00
   0.0000000e+00
   0.0000000e+00
   0.0000000e+00
   0.0000000e+00
   0.0000000e+00
   0.0000000e+00
   0.0000000e+00
   0.0000000e+00
   0.0000000e+00
   0.0000000e+00
   0.0000000e+00
   0.0000000e+00
   0.0000000e+00
   0.0000000e+00
   0.0000000e+00
   0.0000000e+00
   0.0000000e+00
   0.0000000e+00
   0.0000000e+00
   0.0000000e+00
   0.0000000e+00
   0.0000000e+00
   0.0000000e+00
   0.0000000e+00
   0.0000000e+00
   0.0000000e+00
   0.0000000e+00
   0.0000000e+00
   0.0000000e+00
   0.0000000e+00
   0.0000000e+00
   0.0000000e+00
   0.0000000e+00
   0.0000000e+00
   0.0000000e+00
   0.0000000e+00
   0.0000000e+00
   0.0000000e+00
   0.0000000e+00
   0.0000000e+00
   0.0000000e+00
   0.0000000e+00
   0.0000000e+00
   0.0000000e+00
   0.0000000e+00
   2.6481224e-01
   2.6481224e-01
   2.6481224e-01
   2.6481224e-01
   2.6481224e-01
   2.6481224e-01
   2.6481224e-01
   2.6481224e-01
   2.6481224e-01
   2.6481224e-01
   2.6481224e-01
   2.6481224e-01
   2.6481224e-01
   2.6481224e-01
   2.6481224e-01
   2.6481224e-01
   2.6481224e-01
   2.6481224e-01
   2.6481224e-01
   2.6481224e-01
   2.6481224e-01
   2.6481224e-01
   2.6481224e-01
   2.6481224e-01
   2.6481224e-01
   2.6481224e-01
   2.6481224e-01
   3.6057546e-01
   3.6057546e-01
   3.6057546e-01
   3.6057546e-01
   3.6057546e-01
   3.6057546e-01
   3.6057546e-01
   3.6057546e-01
   3.6057546e-01
   3.6057546e-01
   3.6057546e-01
   3.6057546e-01
   3.6057546e-01
   3.6057546e-01
   3.6057546e-01
   3.6057546e-01
   3.6057546e-01
   3.6057546e-01
   3.6057546e-01
   3.6057546e-01
   3.6057546e-01
   3.6057546e-01
   3.6057546e-01
   3.6057546e-01
   3.6057546e-01
   4.1863867e-01
   4.1863867e-01
   4.1863867e-01
   4.1863867e-01
   4.1863867e-01
   4.1863867e-01
   4.1863867e-01
   4.1863867e-01
   4.1863867e-01
   4.1863867e-01
   4.1863867e-01
   4.1863867e-01
   4.1863867e-01
   4.1863867e-01
   4.1863867e-01
   4.1863867e-01
   4.1863867e-01
   4.1863867e-01
   4.1863867e-01
   4.1863867e-01
   4.1863867e-01
   4.1863867e-01
   4.1863867e-01
