0.302590740740741
0.357912792970152
0.371563646210017
0.363846540526436
0.329562374326015
0.363885101026679
0.350043329057587
0.342894579423920
0.375112137187727
0.378895568854678
0.349288996037268
0.358809192431814
0.346231071017697
0.342979099967291
0.350818323271243
0.335993125044667
0.346539422259633
0.350248151710189
0.349189369214087
0.392080104133342
0.387146244553770
0.398333071908553
0.366959351637980
0.391051977645350
0.381413310947006
0.401972534551754
0.414368559238401
0.436909177961548
0.458222035485747
0.502703016376565
0.504570990870279
0.487567225860782
0.506249316375449
0.545320273608160
0.580762859060453
0.595329294598889
