  -1.6423777e-01
  -1.8990605e-01
  -1.5105034e-01
  -1.2652362e-01
  -1.3505890e-01
  -1.1356618e-01
  -9.2764363e-02
  -9.8674745e-02
  -9.8486027e-02
  -1.2065331e-01
  -1.9951459e-01
  -1.5909187e-01
  -1.6804215e-01
  -1.9689844e-01
  -1.7155372e-01
  -1.7249300e-01
  -1.5489928e-01
  -1.4857156e-01
  -1.1281585e-01
  -1.2516013e-01
  -1.0327841e-01
  -1.1199369e-01
  -1.2732197e-01
  -1.5674226e-01
  -1.4159954e-01
  -1.3561682e-01
  -1.4156510e-01
  -1.2385038e-01
  -1.4518366e-01
  -1.6449595e-01
  -1.6516823e-01
  -2.4480966e-01
  -2.1226926e-01
  -1.8130085e-01
  -1.5077645e-01
  -6.4763744e-02
  -5.8843540e-02
  -5.5573435e-02
  -9.2265831e-02
  -1.4930443e-01
  -1.8564602e-01
  -2.3488362e-01
  -2.2004621e-01
  -2.7589381e-01
  -2.9547240e-01
  -2.5766900e-01
  -2.4215260e-01
  -1.7562019e-01
  -1.5108479e-01
  -9.4023182e-02
  -8.3528278e-02
  -9.7281573e-02
  -1.5283817e-01
  -1.8844476e-01
  -1.9550836e-01
  -1.7256196e-01
  -1.4425155e-01
  -1.4359915e-01
  -1.5469074e-01
  -1.9657334e-01
  -2.5429520e-01
  -2.2977341e-01
  -6.5306630e-02
  -3.4684746e-02
  -1.9465261e-02
  -1.9252776e-02
  -6.3633392e-02
  -9.9830707e-02
  -1.4621892e-01
  -2.2599914e-01
  -2.8867935e-01
  -2.8048657e-01
  -3.3299378e-01
  -3.3506100e-01
  -2.5435022e-01
  -2.0570943e-01
  -1.2373565e-01
  -6.5707662e-02
  -4.8813077e-02
  -8.1491993e-02
  -1.0836901e-01
  -1.4865972e-01
  -1.7141494e-01
  -1.6257815e-01
  -1.3152587e-01
  -1.2416129e-01
  -1.3931860e-01
   1.1969415e-02
  -1.3612772e-02
   1.0831460e-02
   4.3466552e-02
   3.5449814e-02
   4.0989477e-02
   5.5892539e-02
   4.4557301e-02
   4.1127764e-02
   4.1059426e-02
   3.6777588e-02
   7.3247951e-02
   1.6378613e-02
  -3.9127525e-02
  -3.0044723e-03
  -1.4688100e-02
   1.2564462e-02
   1.4696425e-02
   3.7857087e-02
   3.8355049e-02
   5.9974412e-02
   4.2807674e-02
   3.4587936e-02
   2.3596985e-03
   1.4694761e-02
   2.5138423e-02
   2.7432686e-02
   4.9070248e-02
   2.2726410e-02
   2.9861072e-02
   1.1687535e-02
   7.4865532e-03
   3.7564008e-02
   8.9896103e-02
   1.2454263e-01
   1.5827675e-01
   1.5071448e-01
   1.5445720e-01
   1.3046993e-01
   1.2158965e-01
   1.5759238e-01
   1.2173210e-01
   4.8487326e-02
  -2.6811350e-02
  -5.8333525e-02
  -7.2722900e-03
   1.2500925e-02
   6.4660850e-02
   9.3193174e-02
   1.4247690e-01
   1.5009562e-01
   1.4740935e-01
   8.7512073e-02
   5.8053998e-02
   5.2567923e-02
   7.8398248e-02
   1.1430497e-01
   1.1326370e-01
   1.1519242e-01
   7.8112147e-02
   7.5118960e-02
   1.0900463e-01
   2.1574630e-01
   2.4948428e-01
   2.4857825e-01
   2.3866522e-01
   2.3312519e-01
   2.4799317e-01
   2.1516014e-01
   1.2771811e-01
   7.9690483e-02
   2.7461355e-02
  -2.6742572e-02
  -2.3980600e-02
   5.0507972e-02
   9.5647945e-02
   1.7462692e-01
   2.1642289e-01
   2.4310186e-01
   2.0801483e-01
   1.8411081e-01
   1.4940578e-01
   1.3533675e-01
   1.5776872e-01
   1.8089370e-01
   2.0142767e-01
   1.9163564e-01
   1.9281347e-01
   1.6411584e-01
   1.8196621e-01
   2.1801958e-01
   2.1034995e-01
   2.0719831e-01
   2.4739868e-01
   2.0592405e-01
   2.1283542e-01
   2.0257979e-01
   2.0101816e-01
   2.6854653e-01
   1.6590089e-01
   1.2780826e-01
   1.4817463e-01
   1.3434600e-01
   1.5061037e-01
   1.6504374e-01
   2.0488211e-01
   2.0644847e-01
   2.3887384e-01
   2.2001621e-01
   1.9389958e-01
   1.6856595e-01
   1.6857432e-01
   1.9164169e-01
   1.9824505e-01
   2.2985542e-01
   2.0888479e-01
   2.0062316e-01
   2.0528853e-01
   2.6934684e-01
   2.9362092e-01
   3.3980901e-01
   3.8859609e-01
   4.0662017e-01
   4.2354026e-01
   4.5044134e-01
   3.7802042e-01
   3.6013650e-01
   4.0738659e-01
   3.7187567e-01
   2.8031375e-01
   1.9788983e-01
   1.7250992e-01
   2.0629000e-01
   2.2886208e-01
   2.8923017e-01
   3.4035725e-01
   4.1037933e-01
   4.1732641e-01
   4.1133850e-01
   3.4183458e-01
   2.9398266e-01
   2.9239374e-01
   3.2139583e-01
   3.7420391e-01
   3.8321799e-01
   3.8003008e-01
   3.4945616e-01
   3.6532778e-01
   4.0902041e-01
   5.1199504e-01
   5.5013768e-01
   5.4163431e-01
   5.8526694e-01
   5.7020257e-01
   5.5605621e-01
   5.0787084e-01
   4.0238847e-01
   3.5388910e-01
   2.9072774e-01
   2.3409637e-01
   2.4198600e-01
   3.1502163e-01
   3.7550126e-01
   4.6310090e-01
   5.2152853e-01
   5.5317616e-01
   5.0995079e-01
   4.8673743e-01
   4.5080106e-01
   4.2729069e-01
   4.5322132e-01
   4.8052396e-01
   5.0632859e-01
   5.0626322e-01
   1.4999125e-02
  -1.4423110e-02
   1.2550307e-02
   4.5614120e-02
   3.4550585e-02
   4.4169950e-02
   7.0528515e-02
   5.1374380e-02
   5.1933845e-02
   4.2652010e-02
   2.1261975e-02
   6.4454540e-02
   7.8778750e-03
  -3.4827430e-02
  -7.3188450e-03
  -1.7827100e-02
   3.9515750e-03
   1.0752830e-02
   4.2717695e-02
   3.9152760e-02
   6.5078525e-02
   5.2008290e-02
   3.3096955e-02
   4.9789200e-03
   1.4541385e-02
   2.7290150e-02
   2.7714015e-02
   5.1249380e-02
   3.0399445e-02
   2.4543210e-02
   1.6649275e-02
   9.2070741e-03
   3.6793319e-02
   8.0390764e-02
   1.1968046e-01
   1.6427505e-01
   1.7273455e-01
   1.7891204e-01
   1.3934154e-01
   1.1542403e-01
   1.3661253e-01
   9.7300421e-02
   4.0204416e-02
  -3.3523189e-02
  -6.0187795e-02
  -2.0423600e-02
  -1.5461123e-03
   5.7876889e-02
   9.1802984e-02
   1.4919998e-01
   1.6013647e-01
   1.5391197e-01
   9.1870463e-02
   5.4573958e-02
   5.1162752e-02
   7.5314947e-02
   1.1309744e-01
   1.1749194e-01
   1.1500943e-01
   7.8403926e-02
   5.9427401e-02
   9.3308539e-02
   2.1699208e-01
   2.5336462e-01
   2.5620715e-01
   2.6376069e-01
   2.4711623e-01
   2.4085477e-01
   1.9799331e-01
   1.0858255e-01
   5.8649785e-02
   1.6964523e-02
  -4.3062438e-02
  -3.9891500e-02
   3.5768138e-02
   8.4929077e-02
   1.6810862e-01
   2.2020515e-01
   2.4756069e-01
   2.1122723e-01
   1.8713977e-01
   1.5015031e-01
   1.2889185e-01
   1.5021238e-01
   1.7869492e-01
   1.9571146e-01
   1.8549000e-01
