   0.0000000e+00
   0.0000000e+00
   0.0000000e+00
   0.0000000e+00
   0.0000000e+00
   0.0000000e+00
   0.0000000e+00
   0.0000000e+00
   0.0000000e+00
   0.0000000e+00
   0.0000000e+00
   0.0000000e+00
   0.0000000e+00
   0.0000000e+00
   0.0000000e+00
   0.0000000e+00
   0.0000000e+00
   0.0000000e+00
   0.0000000e+00
   0.0000000e+00
   0.0000000e+00
   0.0000000e+00
   0.0000000e+00
   0.0000000e+00
   0.0000000e+00
   0.0000000e+00
   0.0000000e+00
   0.0000000e+00
   0.0000000e+00
   0.0000000e+00
   0.0000000e+00
   0.0000000e+00
   0.0000000e+00
   0.0000000e+00
   0.0000000e+00
   0.0000000e+00
   0.0000000e+00
   0.0000000e+00
   0.0000000e+00
   0.0000000e+00
   0.0000000e+00
   0.0000000e+00
   0.0000000e+00
   0.0000000e+00
   0.0000000e+00
   0.0000000e+00
   0.0000000e+00
   0.0000000e+00
   0.0000000e+00
   0.0000000e+00
   0.0000000e+00
   0.0000000e+00
   0.0000000e+00
   0.0000000e+00
   0.0000000e+00
   0.0000000e+00
   0.0000000e+00
   0.0000000e+00
   0.0000000e+00
   0.0000000e+00
   0.0000000e+00
   0.0000000e+00
   0.0000000e+00
   0.0000000e+00
   0.0000000e+00
   0.0000000e+00
   0.0000000e+00
   0.0000000e+00
   0.0000000e+00
   0.0000000e+00
   0.0000000e+00
   0.0000000e+00
   0.0000000e+00
   0.0000000e+00
   0.0000000e+00
   0.0000000e+00
   0.0000000e+00
   0.0000000e+00
   0.0000000e+00
   0.0000000e+00
   0.0000000e+00
   0.0000000e+00
   0.0000000e+00
   0.0000000e+00
   0.0000000e+00
   0.0000000e+00
   0.0000000e+00
   1.6433724e-01
   1.6433724e-01
   1.6433724e-01
   1.6433724e-01
   1.6433724e-01
   1.6433724e-01
   1.6433724e-01
   1.6433724e-01
   1.6433724e-01
   1.6433724e-01
   1.6433724e-01
   1.6433724e-01
   1.6433724e-01
   1.6433724e-01
   1.6433724e-01
   1.6433724e-01
   1.6433724e-01
   1.6433724e-01
   1.6433724e-01
   1.6433724e-01
   1.6433724e-01
   1.6433724e-01
   1.6433724e-01
   1.6433724e-01
   1.6433724e-01
   1.6433724e-01
   1.6433724e-01
   1.6433724e-01
   1.6433724e-01
   1.6433724e-01
   1.6433724e-01
   2.4404957e-01
   2.4404957e-01
   2.4404957e-01
   2.4404957e-01
   2.4404957e-01
   2.4404957e-01
   2.4404957e-01
   2.4404957e-01
   2.4404957e-01
   2.4404957e-01
   2.4404957e-01
   2.4404957e-01
   2.4404957e-01
   2.4404957e-01
   2.4404957e-01
   2.4404957e-01
   2.4404957e-01
   2.4404957e-01
   2.4404957e-01
   2.4404957e-01
   2.4404957e-01
   2.4404957e-01
   2.4404957e-01
   2.4404957e-01
   2.4404957e-01
   2.4404957e-01
   2.4404957e-01
   2.4404957e-01
   2.4404957e-01
   2.9121016e-01
   2.9121016e-01
   2.9121016e-01
   2.9121016e-01
   2.9121016e-01
   2.9121016e-01
   2.9121016e-01
   2.9121016e-01
   2.9121016e-01
   2.9121016e-01
   2.9121016e-01
   2.9121016e-01
   2.9121016e-01
   2.9121016e-01
   2.9121016e-01
   2.9121016e-01
   2.9121016e-01
   2.9121016e-01
   2.9121016e-01
   2.9121016e-01
   2.9121016e-01
   2.9121016e-01
   2.9121016e-01
   2.9121016e-01
   2.9121016e-01
   2.9121016e-01
   2.9121016e-01
   0.0000000e+00
   0.0000000e+00
   0.0000000e+00
   0.0000000e+00
   0.0000000e+00
   0.0000000e+00
   0.0000000e+00
   0.0000000e+00
   0.0000000e+00
   0.0000000e+00
   0.0000000e+00
   0.0000000e+00
   0.0000000e+00
   0.0000000e+00
   0.0000000e+00
   0.0000000e+00
   0.0000000e+00
   0.0000000e+00
   0.0000000e+00
   0.0000000e+00
   0.0000000e+00
   0.0000000e+00
   0.0000000e+00
   0.0000000e+00
   0.0000000e+00
   0.0000000e+00
   0.0000000e+00
   0.0000000e+00
   0.0000000e+00
   0.0000000e+00
   0.0000000e+00
   0.0000000e+00
   0.0000000e+00
   0.0000000e+00
   0.0000000e+00
   0.0000000e+00
   0.0000000e+00
   0.0000000e+00
   0.0000000e+00
   0.0000000e+00
   0.0000000e+00
   0.0000000e+00
   0.0000000e+00
   0.0000000e+00
   0.0000000e+00
   0.0000000e+00
   0.0000000e+00
   0.0000000e+00
   0.0000000e+00
   0.0000000e+00
   0.0000000e+00
   0.0000000e+00
   0.0000000e+00
   0.0000000e+00
   0.0000000e+00
   0.0000000e+00
   0.0000000e+00
   0.0000000e+00
   0.0000000e+00
   0.0000000e+00
   0.0000000e+00
   0.0000000e+00
   0.0000000e+00
   0.0000000e+00
   0.0000000e+00
   0.0000000e+00
   0.0000000e+00
   0.0000000e+00
   0.0000000e+00
   0.0000000e+00
   0.0000000e+00
   0.0000000e+00
   0.0000000e+00
   0.0000000e+00
   0.0000000e+00
   0.0000000e+00
   0.0000000e+00
   0.0000000e+00
   0.0000000e+00
   0.0000000e+00
   0.0000000e+00
   0.0000000e+00
   0.0000000e+00
   0.0000000e+00
   0.0000000e+00
   0.0000000e+00
   0.0000000e+00
   1.6322454e-01
   1.6322454e-01
   1.6322454e-01
   1.6322454e-01
   1.6322454e-01
   1.6322454e-01
   1.6322454e-01
   1.6322454e-01
   1.6322454e-01
   1.6322454e-01
   1.6322454e-01
   1.6322454e-01
   1.6322454e-01
   1.6322454e-01
   1.6322454e-01
   1.6322454e-01
   1.6322454e-01
   1.6322454e-01
   1.6322454e-01
   1.6322454e-01
   1.6322454e-01
   1.6322454e-01
   1.6322454e-01
   1.6322454e-01
   1.6322454e-01
   1.6322454e-01
   1.6322454e-01
   1.6322454e-01
   1.6322454e-01
   1.6322454e-01
   1.6322454e-01
   2.4358607e-01
   2.4358607e-01
   2.4358607e-01
   2.4358607e-01
   2.4358607e-01
   2.4358607e-01
   2.4358607e-01
   2.4358607e-01
   2.4358607e-01
   2.4358607e-01
   2.4358607e-01
   2.4358607e-01
   2.4358607e-01
   2.4358607e-01
   2.4358607e-01
   2.4358607e-01
   2.4358607e-01
   2.4358607e-01
   2.4358607e-01
   2.4358607e-01
   2.4358607e-01
   2.4358607e-01
   2.4358607e-01
   2.4358607e-01
   2.4358607e-01
   2.4358607e-01
   2.4358607e-01
   2.4358607e-01
   2.4358607e-01
   2.9369555e-01
   2.9369555e-01
   2.9369555e-01
   2.9369555e-01
   2.9369555e-01
   2.9369555e-01
   2.9369555e-01
   2.9369555e-01
   2.9369555e-01
   2.9369555e-01
   2.9369555e-01
   2.9369555e-01
   2.9369555e-01
   2.9369555e-01
   2.9369555e-01
   2.9369555e-01
   2.9369555e-01
   2.9369555e-01
   2.9369555e-01
   2.9369555e-01
   2.9369555e-01
   2.9369555e-01
   2.9369555e-01
   2.9369555e-01
   2.9369555e-01
   2.9369555e-01
   2.9369555e-01
