   1.4999125e-02
  -1.4423110e-02
   1.2550307e-02
   4.5614120e-02
   3.4550585e-02
   4.4169950e-02
   7.0528515e-02
   5.1374380e-02
   5.1933845e-02
   4.2652010e-02
   2.1261975e-02
   6.4454540e-02
   7.8778750e-03
  -3.4827430e-02
  -7.3188450e-03
  -1.7827100e-02
   3.9515750e-03
   1.0752830e-02
   4.2717695e-02
   3.9152760e-02
   6.5078525e-02
   5.2008290e-02
   3.3096955e-02
   4.9789200e-03
   1.4541385e-02
   2.7290150e-02
   2.7714015e-02
   5.1249380e-02
   3.0399445e-02
   2.4543210e-02
   1.6649275e-02
