0.136535829320884
0.143856191297811
0.136029497754129
0.130512292671349
0.130074318324222
0.129164231828451
0.133516553967556
0.134775351362286
0.132810797161503
0.137177504856291
0.138348233449022
0.139377952311591
0.142613624348357
0.143386906536464
0.145905533197817
0.147616942763343
0.148429689368547
0.147958618089093
0.149003796736436
0.150434739340423
0.151375262427881
0.151346435051937
0.153423527350670
0.155587381586424
0.157703674895126
0.155760554340998
0.157874729565597
0.153214328425978
0.154873032461930
0.152765986145769
0.153650823879774
0.152251226828871
0.147827068324071
0.145847171085700
0.143212642582136
0.133713741677139
