  -2.0123432e-01
  -2.3993450e-01
  -1.8163868e-01
  -2.1021686e-01
  -2.0009404e-01
  -1.7369721e-01
  -1.6589139e-01
  -1.5332057e-01
  -1.5943175e-01
  -1.5751093e-01
  -2.5768811e-01
  -2.9164329e-01
  -2.8384146e-01
  -3.3323164e-01
  -2.5160282e-01
  -2.1986700e-01
  -1.9578718e-01
  -1.9401836e-01
  -1.6410554e-01
  -1.6782071e-01
  -1.7051689e-01
  -1.9032907e-01
  -2.0721925e-01
  -2.2781443e-01
  -2.1725161e-01
  -2.0582279e-01
  -1.9782596e-01
  -1.7998014e-01
  -2.0251632e-01
  -2.2779350e-01
  -2.0123968e-01
  -2.7672824e-01
  -3.2285801e-01
  -2.8583178e-01
  -2.7517555e-01
  -1.8978032e-01
  -1.8347308e-01
  -1.6062485e-01
  -1.7244262e-01
  -2.3585039e-01
  -3.5050316e-01
  -4.6341993e-01
  -5.4386369e-01
  -5.1551646e-01
  -4.3218723e-01
  -3.1033000e-01
  -2.7568577e-01
  -2.2916454e-01
  -2.0589331e-01
  -1.9047507e-01
  -2.1452284e-01
  -2.5139861e-01
  -3.1415038e-01
  -3.3565415e-01
  -3.1518092e-01
  -2.7687268e-01
  -2.4232645e-01
  -2.4949122e-01
  -2.7819499e-01
  -3.0180476e-01
  -3.7368284e-01
  -3.4420162e-01
  -2.0542340e-01
  -1.8079419e-01
  -1.4130997e-01
  -1.4428875e-01
  -1.7888153e-01
  -2.7803031e-01
  -3.8683009e-01
  -5.3356187e-01
  -6.0374266e-01
  -5.5997344e-01
  -4.8349222e-01
  -4.1510300e-01
  -2.8667178e-01
  -2.2570656e-01
  -1.8311134e-01
  -1.9443213e-01
  -2.1568991e-01
  -2.7338469e-01
  -3.1627447e-01
  -3.3915725e-01
  -3.2899103e-01
  -2.9562881e-01
  -2.7514960e-01
  -2.7989138e-01
  -2.9782916e-01
   2.1867671e-02
  -1.4592087e-02
   9.8270945e-03
   8.1642665e-03
   2.7481638e-02
   2.6736980e-02
   6.0442722e-02
   5.3706064e-02
   4.3237206e-02
   5.1202448e-02
   2.1235590e-02
  -3.0625068e-02
   1.7267741e-03
  -3.0888784e-02
   1.9786358e-02
   1.9153800e-02
   4.9298242e-02
   3.7949084e-02
   4.6231726e-02
   4.0850668e-02
   3.9437410e-02
   2.4059652e-02
   1.6746294e-02
   6.2136357e-03
   2.0520778e-02
   2.3676720e-02
   2.3483862e-02
   2.3381104e-02
   1.0176845e-02
   1.6884487e-02
   1.2312529e-02
   2.4830897e-02
   4.8674829e-03
   5.2403169e-02
   7.3737055e-02
   1.3233914e-01
   1.5323183e-01
   1.6739351e-01
   1.5605720e-01
   1.2546788e-01
   5.2850570e-02
  -8.9394437e-03
  -6.0882058e-02
  -1.3055272e-02
   8.8516541e-03
   9.2728000e-02
   1.1177269e-01
   1.3613537e-01
   1.3308206e-01
   1.4089874e-01
   1.1886143e-01
   9.2830116e-02
   5.5221202e-02
   4.9408287e-02
   5.7060873e-02
   7.7173859e-02
   8.5335545e-02
   7.0026231e-02
   5.7603117e-02
   4.8082803e-02
   4.6317187e-02
   7.5326477e-02
   1.6771334e-01
   2.0886240e-01
   2.4732746e-01
   2.6620052e-01
   2.5564658e-01
   1.6551864e-01
   1.0193560e-01
   1.6382669e-02
  -1.9873181e-02
  -2.2041720e-02
   6.0856640e-02
   1.0364200e-01
   1.8772106e-01
   2.1593512e-01
   2.3778118e-01
   2.1991724e-01
   2.0600230e-01
   1.6474736e-01
   1.3838442e-01
   1.1725148e-01
   1.1603954e-01
   1.2992660e-01
   1.3501466e-01
   1.2890172e-01
   1.2281978e-01
   2.4042727e-01
   1.8731579e-01
   2.2009130e-01
   2.0287282e-01
   2.5550833e-01
   2.4132585e-01
   2.8543936e-01
   2.6481688e-01
   2.5892139e-01
   2.5807491e-01
   2.2497642e-01
   1.9621794e-01
   1.7477145e-01
   1.5403097e-01
   2.4886748e-01
   2.5657100e-01
   2.5710052e-01
   2.4584503e-01
   2.8339255e-01
   2.8411206e-01
   2.8414258e-01
   2.5273509e-01
   2.2027761e-01
   2.1072912e-01
   2.1695964e-01
   2.3704715e-01
   2.4673167e-01
   2.5244218e-01
   2.1481370e-01
   1.9109421e-01
   2.2353673e-01
   3.4270854e-01
   3.1460843e-01
   3.8321432e-01
   4.0310221e-01
   4.5892410e-01
   5.0087599e-01
   5.2290088e-01
   4.8459077e-01
   4.4177266e-01
   3.7629555e-01
   2.9609444e-01
   2.1108433e-01
   2.5649822e-01
   3.1015611e-01
   4.3524300e-01
   4.4516589e-01
   4.6578978e-01
   4.9078767e-01
   5.3057256e-01
   5.0674745e-01
   4.5010834e-01
   3.8760423e-01
   3.5448212e-01
   3.6143101e-01
   3.9339090e-01
   4.2112379e-01
   4.0272968e-01
   3.6652057e-01
   3.2816746e-01
   4.3123360e-01
   4.6809524e-01
   5.5219189e-01
   5.8712453e-01
   6.3624618e-01
   6.8778583e-01
   6.6559547e-01
   5.7085012e-01
   4.7967477e-01
   3.7133641e-01
   3.2400106e-01
   3.1404971e-01
   3.9121835e-01
   4.5455300e-01
   5.9206565e-01
   6.3259029e-01
   6.6447994e-01
   6.5989559e-01
   6.4541523e-01
   5.9512288e-01
   5.4099053e-01
   5.0159317e-01
   4.8968682e-01
   4.9647447e-01
   5.0891211e-01
   4.9895176e-01
   4.8547740e-01
   2.1312337e-02
  -2.1333956e-02
   1.8026071e-02
   1.9654376e-03
   2.6141834e-02
   3.0668631e-02
   6.1842628e-02
   5.8063725e-02
   4.7720822e-02
   5.1234319e-02
   4.1075457e-03
  -3.9005287e-02
  -3.2181291e-02
  -6.4506694e-02
   7.7687631e-03
   1.9310400e-02
   3.9954097e-02
   3.1229594e-02
   5.5470791e-02
   5.2560187e-02
   5.2104884e-02
   2.9822881e-02
   1.0528978e-02
  -2.2818851e-03
   9.2017718e-03
   1.9553369e-02
   2.6010666e-02
   3.2716762e-02
   8.2960593e-03
  -3.6481439e-03
   1.2975653e-02
   3.3146730e-02
   6.3129312e-04
   4.5151607e-02
   6.4525440e-02
   1.3463676e-01
   1.6079949e-01
   1.7504521e-01
   1.6036393e-01
   1.1331636e-01
   3.2602182e-02
  -5.1350194e-02
  -1.1860417e-01
  -7.6886147e-02
  -2.9014324e-02
   7.6555300e-02
   9.8405724e-02
   1.2905445e-01
   1.3856417e-01
   1.5946089e-01
   1.3558162e-01
   9.7619342e-02
   4.6158365e-02
   2.7599989e-02
   3.8207912e-02
   6.6072336e-02
   8.6193960e-02
   7.4716683e-02
   4.9312807e-02
   3.0804530e-02
   3.4998625e-02
   6.5671661e-02
   1.7030610e-01
   2.0394763e-01
   2.4870617e-01
   2.7167571e-01
   2.5164324e-01
   1.5646578e-01
   7.1970917e-02
  -3.7369446e-02
  -8.4959710e-02
  -7.5974873e-02
   3.0614734e-03
   6.0778400e-02
   1.6942254e-01
   2.0896107e-01
   2.3883561e-01
   2.2849715e-01
   2.1168068e-01
   1.6452422e-01
   1.2614176e-01
   9.7151293e-02
   9.6275829e-02
   1.1368337e-01
   1.2396590e-01
   1.1517944e-01
   1.0783598e-01
