   0.0000000e+00
   0.0000000e+00
   0.0000000e+00
   0.0000000e+00
   0.0000000e+00
   0.0000000e+00
   0.0000000e+00
   0.0000000e+00
   0.0000000e+00
   0.0000000e+00
   0.0000000e+00
   0.0000000e+00
   0.0000000e+00
   0.0000000e+00
   0.0000000e+00
   0.0000000e+00
   0.0000000e+00
   0.0000000e+00
   0.0000000e+00
   0.0000000e+00
   0.0000000e+00
   0.0000000e+00
   0.0000000e+00
   0.0000000e+00
   0.0000000e+00
   0.0000000e+00
   0.0000000e+00
   0.0000000e+00
   0.0000000e+00
   0.0000000e+00
   0.0000000e+00
   0.0000000e+00
   0.0000000e+00
   0.0000000e+00
   0.0000000e+00
   0.0000000e+00
   0.0000000e+00
   0.0000000e+00
   0.0000000e+00
   0.0000000e+00
   0.0000000e+00
   0.0000000e+00
   0.0000000e+00
   0.0000000e+00
   0.0000000e+00
   0.0000000e+00
   0.0000000e+00
   0.0000000e+00
   0.0000000e+00
   0.0000000e+00
   0.0000000e+00
   0.0000000e+00
   0.0000000e+00
   0.0000000e+00
   0.0000000e+00
   0.0000000e+00
   0.0000000e+00
   0.0000000e+00
   0.0000000e+00
   0.0000000e+00
   0.0000000e+00
   0.0000000e+00
   0.0000000e+00
   0.0000000e+00
   0.0000000e+00
   0.0000000e+00
   0.0000000e+00
   0.0000000e+00
   0.0000000e+00
   0.0000000e+00
   0.0000000e+00
   0.0000000e+00
   0.0000000e+00
   0.0000000e+00
   0.0000000e+00
   0.0000000e+00
   0.0000000e+00
   0.0000000e+00
   0.0000000e+00
   0.0000000e+00
   0.0000000e+00
   0.0000000e+00
   0.0000000e+00
   0.0000000e+00
   0.0000000e+00
   0.0000000e+00
   0.0000000e+00
   2.0836424e-01
   2.0836424e-01
   2.0836424e-01
   2.0836424e-01
   2.0836424e-01
   2.0836424e-01
   2.0836424e-01
   2.0836424e-01
   2.0836424e-01
   2.0836424e-01
   2.0836424e-01
   2.0836424e-01
   2.0836424e-01
   2.0836424e-01
   2.0836424e-01
   2.0836424e-01
   2.0836424e-01
   2.0836424e-01
   2.0836424e-01
   2.0836424e-01
   2.0836424e-01
   2.0836424e-01
   2.0836424e-01
   2.0836424e-01
   2.0836424e-01
   2.0836424e-01
   2.0836424e-01
   2.0836424e-01
   2.0836424e-01
   2.0836424e-01
   2.0836424e-01
   3.2005391e-01
   3.2005391e-01
   3.2005391e-01
   3.2005391e-01
   3.2005391e-01
   3.2005391e-01
   3.2005391e-01
   3.2005391e-01
   3.2005391e-01
   3.2005391e-01
   3.2005391e-01
   3.2005391e-01
   3.2005391e-01
   3.2005391e-01
   3.2005391e-01
   3.2005391e-01
   3.2005391e-01
   3.2005391e-01
   3.2005391e-01
   3.2005391e-01
   3.2005391e-01
   3.2005391e-01
   3.2005391e-01
   3.2005391e-01
   3.2005391e-01
   3.2005391e-01
   3.2005391e-01
   3.2005391e-01
   3.2005391e-01
   3.8398241e-01
   3.8398241e-01
   3.8398241e-01
   3.8398241e-01
   3.8398241e-01
   3.8398241e-01
   3.8398241e-01
   3.8398241e-01
   3.8398241e-01
   3.8398241e-01
   3.8398241e-01
   3.8398241e-01
   3.8398241e-01
   3.8398241e-01
   3.8398241e-01
   3.8398241e-01
   3.8398241e-01
   3.8398241e-01
   3.8398241e-01
   3.8398241e-01
   3.8398241e-01
   3.8398241e-01
   3.8398241e-01
   3.8398241e-01
   3.8398241e-01
   3.8398241e-01
   3.8398241e-01
   0.0000000e+00
   0.0000000e+00
   0.0000000e+00
   0.0000000e+00
   0.0000000e+00
   0.0000000e+00
   0.0000000e+00
   0.0000000e+00
   0.0000000e+00
   0.0000000e+00
   0.0000000e+00
   0.0000000e+00
   0.0000000e+00
   0.0000000e+00
   0.0000000e+00
   0.0000000e+00
   0.0000000e+00
   0.0000000e+00
   0.0000000e+00
   0.0000000e+00
   0.0000000e+00
   0.0000000e+00
   0.0000000e+00
   0.0000000e+00
   0.0000000e+00
   0.0000000e+00
   0.0000000e+00
   0.0000000e+00
   0.0000000e+00
   0.0000000e+00
   0.0000000e+00
   0.0000000e+00
   0.0000000e+00
   0.0000000e+00
   0.0000000e+00
   0.0000000e+00
   0.0000000e+00
   0.0000000e+00
   0.0000000e+00
   0.0000000e+00
   0.0000000e+00
   0.0000000e+00
   0.0000000e+00
   0.0000000e+00
   0.0000000e+00
   0.0000000e+00
   0.0000000e+00
   0.0000000e+00
   0.0000000e+00
   0.0000000e+00
   0.0000000e+00
   0.0000000e+00
   0.0000000e+00
   0.0000000e+00
   0.0000000e+00
   0.0000000e+00
   0.0000000e+00
   0.0000000e+00
   0.0000000e+00
   0.0000000e+00
   0.0000000e+00
   0.0000000e+00
   0.0000000e+00
   0.0000000e+00
   0.0000000e+00
   0.0000000e+00
   0.0000000e+00
   0.0000000e+00
   0.0000000e+00
   0.0000000e+00
   0.0000000e+00
   0.0000000e+00
   0.0000000e+00
   0.0000000e+00
   0.0000000e+00
   0.0000000e+00
   0.0000000e+00
   0.0000000e+00
   0.0000000e+00
   0.0000000e+00
   0.0000000e+00
   0.0000000e+00
   0.0000000e+00
   0.0000000e+00
   0.0000000e+00
   0.0000000e+00
   0.0000000e+00
   2.0644011e-01
   2.0644011e-01
   2.0644011e-01
   2.0644011e-01
   2.0644011e-01
   2.0644011e-01
   2.0644011e-01
   2.0644011e-01
   2.0644011e-01
   2.0644011e-01
   2.0644011e-01
   2.0644011e-01
   2.0644011e-01
   2.0644011e-01
   2.0644011e-01
   2.0644011e-01
   2.0644011e-01
   2.0644011e-01
   2.0644011e-01
   2.0644011e-01
   2.0644011e-01
   2.0644011e-01
   2.0644011e-01
   2.0644011e-01
   2.0644011e-01
   2.0644011e-01
   2.0644011e-01
   2.0644011e-01
   2.0644011e-01
   2.0644011e-01
   2.0644011e-01
   3.1697618e-01
   3.1697618e-01
   3.1697618e-01
   3.1697618e-01
   3.1697618e-01
   3.1697618e-01
   3.1697618e-01
   3.1697618e-01
   3.1697618e-01
   3.1697618e-01
   3.1697618e-01
   3.1697618e-01
   3.1697618e-01
   3.1697618e-01
   3.1697618e-01
   3.1697618e-01
   3.1697618e-01
   3.1697618e-01
   3.1697618e-01
   3.1697618e-01
   3.1697618e-01
   3.1697618e-01
   3.1697618e-01
   3.1697618e-01
   3.1697618e-01
   3.1697618e-01
   3.1697618e-01
   3.1697618e-01
   3.1697618e-01
   3.8910842e-01
   3.8910842e-01
   3.8910842e-01
   3.8910842e-01
   3.8910842e-01
   3.8910842e-01
   3.8910842e-01
   3.8910842e-01
   3.8910842e-01
   3.8910842e-01
   3.8910842e-01
   3.8910842e-01
   3.8910842e-01
   3.8910842e-01
   3.8910842e-01
   3.8910842e-01
   3.8910842e-01
   3.8910842e-01
   3.8910842e-01
   3.8910842e-01
   3.8910842e-01
   3.8910842e-01
   3.8910842e-01
   3.8910842e-01
   3.8910842e-01
   3.8910842e-01
   3.8910842e-01
