   2.1312337e-02
  -2.1333956e-02
   1.8026071e-02
   1.9654376e-03
   2.6141834e-02
   3.0668631e-02
   6.1842628e-02
   5.8063725e-02
   4.7720822e-02
   5.1234319e-02
   4.1075457e-03
  -3.9005287e-02
  -3.2181291e-02
  -6.4506694e-02
   7.7687631e-03
   1.9310400e-02
   3.9954097e-02
   3.1229594e-02
   5.5470791e-02
   5.2560187e-02
   5.2104884e-02
   2.9822881e-02
   1.0528978e-02
  -2.2818851e-03
   9.2017718e-03
   1.9553369e-02
   2.6010666e-02
   3.2716762e-02
   8.2960593e-03
  -3.6481439e-03
   1.2975653e-02
