0.290287941891727
0.286870969436784
0.275172734886948
0.258756512678215
0.255311508995656
0.256880664313104
0.265565873069967
0.266912400095465
0.263408367209831
0.270341188179601
0.278887712868996
0.278119291929055
0.286719955332095
0.294652156212161
0.298344735592657
0.299943181359496
0.305595108400976
0.307134879636788
0.311959934416189
0.317381327478801
0.321760687484414
0.326275879323917
0.331049252223457
0.337125233306103
0.340497881674599
0.348954487345427
0.350499719456331
0.351667345132701
0.361567387780158
0.366599757349548
0.379901683135465
0.390191720611138
0.398728351662372
0.409544858751401
0.426969416764143
0.449774190481276
