  -6.9613442e-01
   1.6851855e-01
   9.8878947e-01
   3.9915555e-01
   1.1690706e-01
  -8.4491272e-01
   2.7613910e-02
  -2.1820830e-01
  -5.0816072e-01
  -1.5317497e-01
  -2.4802288e-01
   6.1395031e-01
   1.3970539e+00
   1.4025661e+00
   1.8447087e+00
  -8.0510052e-01
  -7.3847795e-01
   2.8239257e-01
  -2.6706665e-01
  -8.2545013e-01
  -1.0127097e+00
  -9.7817184e-01
   3.8210926e-01
  -1.3099715e-01
  -6.0116266e-02
  -8.3868404e-01
  -4.2937773e-01
  -8.8227019e-01
  -4.9406992e-01
   1.1928193e+00
   3.1230045e+00
  -1.8084830e+00
